 ombh2 omch2 theta tau logA ns A_ps_100 A_ps_143 A_ps_217 A_cib_143 A_cib_217 A_sz r_ps r_cib n_Dl_cib cal_100 cal_217 xi_sz_cib A_ksz Bm_1_1 alpha_JLA beta_JLA H0 omegam omegal
   0.4084087E-07  -0.2338757E-06   0.4883750E-07   0.1709660E-06  -0.1525433E-06   0.4208443E-06   0.3960301E-02   0.7091858E-04   0.1885904E-03  -0.8452038E-04  -0.1107746E-03   0.5771414E-04  -0.6052153E-05   0.3520040E-05   0.3206231E-06   0.2569992E-07  -0.8028272E-07   0.6912036E-05   0.6608593E-04   0.2724184E-05   0.1194295E-09   0.4290926E-05   0.1328301E-03  -0.1606750E-05   0.1606751E-05
  -0.2338757E-06   0.7778258E-05  -0.2999753E-06  -0.8834286E-05   0.3478202E-05  -0.1609595E-04  -0.2531997E-02  -0.8832735E-02   0.3365690E-02   0.2326966E-02   0.6448810E-03   0.1741327E-02   0.4669654E-05   0.4887287E-04  -0.4428688E-05  -0.3542663E-06   0.1272103E-05  -0.6521094E-04  -0.2012498E-02   0.4141010E-03   0.1973981E-05  -0.3973220E-04  -0.3007838E-02   0.4228330E-04  -0.4228333E-04
   0.4883750E-07  -0.2999753E-06   0.2395244E-06   0.8623378E-06   0.1482403E-05   0.9142969E-06   0.4589680E-02   0.5969976E-03  -0.1506174E-02  -0.8299771E-05   0.9380915E-03  -0.1205279E-03  -0.1354327E-04   0.1049821E-04   0.3295774E-05   0.4124783E-07  -0.9158296E-07  -0.3948689E-05  -0.1679372E-03  -0.1598289E-04  -0.6006328E-06   0.1284572E-04   0.2270140E-03  -0.2656400E-05   0.2656401E-05
   0.1709660E-06  -0.8834286E-05   0.8623378E-06   0.2098667E-04   0.1749916E-04   0.2599786E-04  -0.4234928E-01   0.8992693E-02  -0.1494852E-01  -0.3991719E-02   0.5921028E-02  -0.4597593E-02   0.4711544E-04  -0.1336273E-03   0.7848035E-04   0.2326075E-06  -0.7293831E-06  -0.2177313E-03   0.2011020E-03  -0.9451331E-03  -0.8560223E-05   0.9604508E-04   0.3513152E-02  -0.4915365E-04   0.4915365E-04
  -0.1525433E-06   0.3478202E-05   0.1482403E-05   0.1749916E-04   0.4899968E-04   0.1030155E-04  -0.8009999E-01  -0.5583322E-02  -0.3021194E-01  -0.2259774E-02   0.1872148E-01  -0.3369727E-02   0.6750922E-04  -0.4012534E-04   0.1965178E-03  -0.5836802E-06   0.2063767E-05  -0.5749752E-03  -0.6753564E-02  -0.2324850E-03  -0.1284596E-04   0.1279583E-03  -0.8509377E-03   0.1404373E-04  -0.1404372E-04
   0.4208443E-06  -0.1609595E-04   0.9142969E-06   0.2599786E-04   0.1030155E-04   0.4706132E-04  -0.4045494E-01   0.1210964E-01  -0.3188028E-01  -0.6218431E-02   0.1090469E-01  -0.4562735E-02   0.5738699E-04  -0.1167651E-03   0.1567878E-03   0.2720046E-06  -0.2096245E-05  -0.2449004E-03  -0.4580062E-06  -0.5261619E-03  -0.1154650E-04   0.1072394E-03   0.6288786E-02  -0.8806552E-04   0.8806551E-04
   0.3960301E-02  -0.2531997E-02   0.4589680E-02  -0.4234928E-01  -0.8009999E-01  -0.4045494E-01   0.1818759E+04  -0.6178508E+02  -0.1084237E+03   0.9429358E+01   0.3373397E+02   0.1635994E+02  -0.1001601E+01   0.1735256E+01  -0.5178778E+00   0.5150331E-02   0.6060808E-02   0.1318688E+01   0.2184729E+02   0.9952391E+01   0.4600807E-01   0.2834496E+00   0.5652088E+01  -0.5149108E-01   0.5149106E-01
   0.7091858E-04  -0.8832735E-02   0.5969976E-03   0.8992693E-02  -0.5583322E-02   0.1210964E-01  -0.6178508E+02   0.8585437E+02   0.2746529E+02  -0.1235523E+02  -0.7061240E+01  -0.2645984E+01  -0.5270525E-01  -0.3905628E-01  -0.7851184E-02   0.1438287E-02  -0.3294572E-02   0.5762945E+00  -0.5541527E+00  -0.1155261E+01   0.1410636E-01   0.2610242E+00   0.3242889E+01  -0.4621447E-01   0.4621449E-01
   0.1885904E-03   0.3365690E-02  -0.1506174E-02  -0.1494852E-01  -0.3021194E-01  -0.3188028E-01  -0.1084237E+03   0.2746529E+02   0.2653706E+03  -0.8531515E+01  -0.1245683E+03   0.4377804E+01  -0.2645026E+00  -0.6234933E+00  -0.1017843E+01   0.2294403E-02  -0.1164573E-01   0.9087200E+00   0.4965097E+01  -0.3149248E+01   0.4595755E-01  -0.4516107E+00  -0.1473127E+01   0.2282640E-01  -0.2282642E-01
  -0.8452038E-04   0.2326966E-02  -0.8299771E-05  -0.3991719E-02  -0.2259774E-02  -0.6218431E-02   0.9429358E+01  -0.1235523E+02  -0.8531515E+01   0.1383391E+02   0.3818705E+01  -0.1811787E+00  -0.7148024E-02   0.4392119E-01  -0.4712049E-01  -0.3063463E-03   0.1301079E-02   0.2966168E+00  -0.1261478E+01   0.1000964E-01   0.6663613E-03  -0.3342224E-01  -0.8984247E+00   0.1213805E-01  -0.1213807E-01
  -0.1107746E-03   0.6448810E-03   0.9380915E-03   0.5921028E-02   0.1872148E-01   0.1090469E-01   0.3373397E+02  -0.7061240E+01  -0.1245683E+03   0.3818705E+01   0.6804411E+02  -0.1537146E+01   0.1224868E+00   0.3223502E+00   0.6105552E+00  -0.1156221E-02   0.6195725E-02  -0.6972821E+00  -0.6363016E+01   0.1322976E+01  -0.2197395E-01   0.2403956E+00  -0.8939970E-01   0.6586139E-03  -0.6585860E-03
   0.5771414E-04   0.1741327E-02  -0.1205279E-03  -0.4597593E-02  -0.3369727E-02  -0.4562735E-02   0.1635994E+02  -0.2645984E+01   0.4377804E+01  -0.1811787E+00  -0.1537146E+01   0.3223773E+01  -0.4164862E-02   0.7478137E-01   0.2083402E-01   0.1363212E-04   0.6917009E-05   0.1181998E+00  -0.2353427E-01   0.5216449E+00   0.1500311E-02   0.1119479E-02  -0.5813827E+00   0.8481660E-02  -0.8481661E-02
  -0.6052153E-05   0.4669654E-05  -0.1354327E-04   0.4711544E-04   0.6750922E-04   0.5738699E-04  -0.1001601E+01  -0.5270525E-01  -0.2645026E+00  -0.7148024E-02   0.1224868E+00  -0.4164862E-02   0.5037757E-02  -0.2131359E-02   0.2578672E-02  -0.9337931E-06   0.3952568E-05  -0.1190490E-03  -0.1179561E-01  -0.3420114E-03   0.3599331E-04   0.5669892E-03  -0.1106269E-01   0.9228532E-04  -0.9228546E-04
   0.3520040E-05   0.4887287E-04   0.1049821E-04  -0.1336273E-03  -0.4012534E-04  -0.1167651E-03   0.1735256E+01  -0.3905628E-01  -0.6234933E+00   0.4392119E-01   0.3223502E+00   0.7478137E-01  -0.2131359E-02   0.7998557E-02   0.3613643E-03  -0.3923959E-05   0.4970809E-04   0.4344736E-02  -0.4016433E-01   0.2616975E-01  -0.1039104E-03   0.1475409E-02  -0.1123008E-01   0.2027118E-03  -0.2027117E-03
   0.3206231E-06  -0.4428688E-05   0.3295774E-05   0.7848035E-04   0.1965178E-03   0.1567878E-03  -0.5178778E+00  -0.7851184E-02  -0.1017843E+01  -0.4712049E-01   0.6105552E+00   0.2083402E-01   0.2578672E-02   0.3613643E-03   0.1038994E-01  -0.9005333E-05   0.3320590E-04  -0.6990251E-02  -0.3003391E-01   0.1373007E-01  -0.1564872E-03   0.3133923E-02   0.2600181E-02  -0.5876796E-04   0.5876813E-04
   0.2569992E-07  -0.3542663E-06   0.4124783E-07   0.2326075E-06  -0.5836802E-06   0.2720046E-06   0.5150331E-02   0.1438287E-02   0.2294403E-02  -0.3063463E-03  -0.1156221E-02   0.1363212E-04  -0.9337931E-06  -0.3923959E-05  -0.9005333E-05   0.1896867E-06  -0.1583760E-06   0.3086096E-04   0.3118753E-03  -0.4081650E-04   0.3660422E-06   0.4502219E-05   0.1566421E-03  -0.2057991E-05   0.2057990E-05
  -0.8028272E-07   0.1272103E-05  -0.9158296E-07  -0.7293831E-06   0.2063767E-05  -0.2096245E-05   0.6060808E-02  -0.3294572E-02  -0.1164573E-01   0.1301079E-02   0.6195725E-02   0.6917009E-05   0.3952568E-05   0.4970809E-04   0.3320590E-04  -0.1583760E-06   0.2419914E-05  -0.7078339E-04  -0.2731232E-03   0.2392673E-03  -0.2443335E-05   0.1150863E-04  -0.5677045E-03   0.7468902E-05  -0.7468902E-05
   0.6912036E-05  -0.6521094E-04  -0.3948689E-05  -0.2177313E-03  -0.5749752E-03  -0.2449004E-03   0.1318688E+01   0.5762945E+00   0.9087200E+00   0.2966168E+00  -0.6972821E+00   0.1181998E+00  -0.1190490E-03   0.4344736E-02  -0.6990251E-02   0.3086096E-04  -0.7078339E-04   0.6475773E-01   0.2220750E+00   0.1066996E-01   0.4962261E-03   0.3745894E-02   0.2858243E-01  -0.4130871E-03   0.4130868E-03
   0.6608593E-04  -0.2012498E-02  -0.1679372E-03   0.2011020E-03  -0.6753564E-02  -0.4580062E-06   0.2184729E+02  -0.5541527E+00   0.4965097E+01  -0.1261478E+01  -0.6363016E+01  -0.2353427E-01  -0.1179561E-01  -0.4016433E-01  -0.3003391E-01   0.3118753E-03  -0.2731232E-03   0.2220750E+00   0.5825746E+01  -0.7795903E-02  -0.1102344E-03   0.8002418E-02   0.7252355E+00  -0.1076891E-01   0.1076892E-01
   0.2724184E-05   0.4141010E-03  -0.1598289E-04  -0.9451331E-03  -0.2324850E-03  -0.5261619E-03   0.9952391E+01  -0.1155261E+01  -0.3149248E+01   0.1000964E-01   0.1322976E+01   0.5216449E+00  -0.3420114E-03   0.2616975E-01   0.1373007E-01  -0.4081650E-04   0.2392673E-03   0.1066996E-01  -0.7795903E-02   0.2815561E+00   0.3131649E-03   0.2570223E-02  -0.1469231E+00   0.2085603E-02  -0.2085604E-02
   0.1194295E-09   0.1973981E-05  -0.6006328E-06  -0.8560223E-05  -0.1284596E-04  -0.1154650E-04   0.4600807E-01   0.1410636E-01   0.4595755E-01   0.6663613E-03  -0.2197395E-01   0.1500311E-02   0.3599331E-04  -0.1039104E-03  -0.1564872E-03   0.3660422E-06  -0.2443335E-05   0.4962261E-03  -0.1102344E-03   0.3131649E-03   0.3938000E-04  -0.5327170E-04  -0.8899487E-03   0.1155490E-04  -0.1155489E-04
   0.4290926E-05  -0.3973220E-04   0.1284572E-04   0.9604508E-04   0.1279583E-03   0.1072394E-03   0.2834496E+00   0.2610242E+00  -0.4516107E+00  -0.3342224E-01   0.2403956E+00   0.1119479E-02   0.5669892E-03   0.1475409E-02   0.3133923E-02   0.4502219E-05   0.1150863E-04   0.3745894E-02   0.8002418E-02   0.2570223E-02  -0.5327170E-04   0.5238451E-02   0.2164930E-01  -0.2848325E-03   0.2848327E-03
   0.1328301E-03  -0.3007838E-02   0.2270140E-03   0.3513152E-02  -0.8509377E-03   0.6288786E-02   0.5652088E+01   0.3242889E+01  -0.1473127E+01  -0.8984247E+00  -0.8939970E-01  -0.5813827E+00  -0.1106269E-01  -0.1123008E-01   0.2600181E-02   0.1566421E-03  -0.5677045E-03   0.2858243E-01   0.7252355E+00  -0.1469231E+00  -0.8899487E-03   0.2164930E-01   0.1299259E+01  -0.1782644E-01   0.1782643E-01
  -0.1606750E-05   0.4228330E-04  -0.2656400E-05  -0.4915365E-04   0.1404373E-04  -0.8806552E-04  -0.5149108E-01  -0.4621447E-01   0.2282640E-01   0.1213805E-01   0.6586139E-03   0.8481660E-02   0.9228532E-04   0.2027118E-03  -0.5876796E-04  -0.2057991E-05   0.7468902E-05  -0.4130871E-03  -0.1076891E-01   0.2085603E-02   0.1155490E-04  -0.2848325E-03  -0.1782644E-01   0.2473535E-03  -0.2473534E-03
   0.1606751E-05  -0.4228333E-04   0.2656401E-05   0.4915365E-04  -0.1404372E-04   0.8806551E-04   0.5149106E-01   0.4621449E-01  -0.2282642E-01  -0.1213807E-01  -0.6585860E-03  -0.8481661E-02  -0.9228546E-04  -0.2027117E-03   0.5876813E-04   0.2057990E-05  -0.7468902E-05   0.4130868E-03   0.1076892E-01  -0.2085604E-02  -0.1155489E-04   0.2848327E-03   0.1782643E-01  -0.2473534E-03   0.2473536E-03
