 ombh2 omch2 theta tau logA ns A_ps_100 A_ps_143 A_ps_217 A_cib_143 A_cib_217 A_sz r_ps r_cib n_Dl_cib cal_100 cal_217 xi_sz_cib A_ksz Bm_1_1 alpha_JLA beta_JLA H0 omegam omegal
   0.7629881E-07  -0.3161446E-06   0.7711009E-07   0.3236424E-06   0.2574197E-06   0.9584464E-06  -0.6354426E-03  -0.3914971E-03  -0.1071276E-03  -0.2332375E-03  -0.2346138E-03  -0.4964730E-04   0.3730707E-06  -0.1112183E-04   0.4243155E-05   0.6594337E-08   0.5965747E-08   0.9727307E-06  -0.3371384E-04   0.2531333E-05   0.2358564E-07  -0.2125923E-06   0.1993934E-03  -0.2216710E-05   0.2216708E-05
  -0.3161446E-06   0.6065984E-05  -0.3935700E-06  -0.3628749E-05   0.6334716E-05  -0.1317383E-04   0.1737862E-02  -0.5619535E-02  -0.1541855E-02   0.3229043E-02   0.1508976E-02   0.1199582E-02  -0.7781340E-05   0.9453361E-04  -0.1568788E-04  -0.1342035E-06  -0.5511314E-08  -0.2455650E-05   0.1011760E-03   0.1519479E-03   0.6022287E-06   0.1416729E-04  -0.2492297E-02   0.3345889E-04  -0.3345888E-04
   0.7711009E-07  -0.3935700E-06   0.2783852E-06   0.9121973E-06   0.1476935E-05   0.9141275E-06   0.7805723E-03  -0.6274107E-03   0.1013505E-02  -0.1474262E-03  -0.7246205E-03   0.3126677E-05  -0.4305444E-05  -0.5598145E-05  -0.1137537E-04   0.2619835E-08  -0.7078773E-07  -0.5238016E-05   0.5775463E-05  -0.7495144E-05  -0.2396085E-06   0.8941207E-06   0.2947343E-03  -0.3216763E-05   0.3216762E-05
   0.3236424E-06  -0.3628749E-05   0.9121973E-06   0.2789975E-04   0.4609066E-04   0.2276560E-04  -0.8565691E-01   0.2363346E-02   0.6699771E-02  -0.8939748E-02  -0.8120080E-02  -0.1203848E-03   0.5184314E-04  -0.1440023E-03   0.2838365E-04   0.1519502E-06  -0.4233370E-06   0.3273107E-04   0.8011173E-03  -0.4504555E-03   0.1368977E-05  -0.2042932E-04   0.1810356E-02  -0.2277271E-04   0.2277269E-04
   0.2574197E-06   0.6334716E-05   0.1476935E-05   0.4609066E-04   0.1115259E-03   0.1782463E-04  -0.1879858E+00  -0.7289580E-02   0.1561666E-01  -0.1336443E-01  -0.1594248E-01   0.2238713E-02   0.1136882E-03  -0.1848419E-03   0.7980521E-04   0.8397607E-07  -0.4108014E-06   0.1044887E-03   0.2241883E-03  -0.8194518E-04   0.2638553E-05   0.1048800E-04  -0.1506476E-02   0.2627078E-04  -0.2627079E-04
   0.9584464E-06  -0.1317383E-04   0.9141275E-06   0.2276560E-04   0.1782463E-04   0.4857989E-04  -0.1043390E+00   0.8273596E-02   0.1179601E-01  -0.1552282E-01  -0.1070224E-01  -0.1728207E-02   0.8281579E-04  -0.3777707E-03   0.1181503E-03   0.3711673E-06   0.5562643E-06  -0.3685931E-04  -0.2362597E-02  -0.2280927E-03   0.1513930E-05  -0.6583609E-04   0.5669398E-02  -0.7456159E-04   0.7456161E-04
  -0.6354426E-03   0.1737862E-02   0.7805723E-03  -0.8565691E-01  -0.1879858E+00  -0.1043390E+00   0.2915940E+04   0.5173687E+02  -0.8393606E+02   0.5796747E+02   0.4568300E+02  -0.2447149E+02  -0.1266279E+01   0.1394978E+01  -0.1512212E+01   0.1232257E-02  -0.3231522E-02  -0.2939595E-01  -0.1089443E+01   0.1280891E+02  -0.8338871E-02   0.3485913E+00  -0.8595600E+00   0.1021829E-01  -0.1021825E-01
  -0.3914971E-03  -0.5619535E-02  -0.6274107E-03   0.2363346E-02  -0.7289580E-02   0.8273596E-02   0.5173687E+02   0.1672280E+03   0.3349233E+02  -0.3371354E+02  -0.4872896E+01  -0.7064982E+01  -0.9971088E-01   0.1723928E+00  -0.1509877E+00   0.6853773E-03  -0.7911487E-03   0.1219334E+01  -0.1095153E+02  -0.1739405E+00   0.2248141E-02   0.5954238E-01   0.1350966E+01  -0.2394307E-01   0.2394307E-01
  -0.1071276E-03  -0.1541855E-02   0.1013505E-02   0.6699771E-02   0.1561666E-01   0.1179601E-01  -0.8393606E+02   0.3349233E+02   0.3497761E+03  -0.2925612E+02  -0.1501310E+03   0.8701483E+00  -0.1751778E+00  -0.1208996E+01  -0.1371265E+01   0.7463689E-03  -0.5333272E-02   0.4092985E+00  -0.7392243E+01   0.1668779E+00   0.5326204E-02  -0.5834107E-01   0.7128553E+00  -0.8543193E-02   0.8543164E-02
  -0.2332375E-03   0.3229043E-02  -0.1474262E-03  -0.8939748E-02  -0.1336443E-01  -0.1552282E-01   0.5796747E+02  -0.3371354E+02  -0.2925612E+02   0.2883974E+02   0.1709219E+02   0.3294947E+00  -0.3949289E-01   0.1802906E+00   0.2275611E-01  -0.3210857E-03   0.5350515E-03   0.1000100E+00  -0.6741274E+00  -0.2107268E+00   0.1837977E-03   0.2059615E-01  -0.1375318E+01   0.1818227E-01  -0.1818227E-01
  -0.2346138E-03   0.1508976E-02  -0.7246205E-03  -0.8120080E-02  -0.1594248E-01  -0.1070224E-01   0.4568300E+02  -0.4872896E+01  -0.1501310E+03   0.1709219E+02   0.7581897E+02   0.2733180E+00   0.8531041E-01   0.6321149E+00   0.6972041E+00  -0.3881166E-03   0.2338325E-02  -0.3509983E+00  -0.2234328E+01  -0.1877521E+00  -0.2396851E-02   0.3440719E-01  -0.9397088E+00   0.1027976E-01  -0.1027976E-01
  -0.4964730E-04   0.1199582E-02   0.3126677E-05  -0.1203848E-03   0.2238713E-02  -0.1728207E-02  -0.2447149E+02  -0.7064982E+01   0.8701483E+00   0.3294947E+00   0.2733180E+00   0.5633543E+01   0.2810482E-01   0.1494906E+00   0.1991717E-01  -0.6524067E-04  -0.1216380E-03  -0.4790881E-02  -0.2311269E+00   0.4373948E+00   0.8063908E-04  -0.1294529E-01  -0.4592794E+00   0.6252876E-02  -0.6252879E-02
   0.3730707E-06  -0.7781340E-05  -0.4305444E-05   0.5184314E-04   0.1136882E-03   0.8281579E-04  -0.1266279E+01  -0.9971088E-01  -0.1751778E+00  -0.3949289E-01   0.8531041E-01   0.2810482E-01   0.5677937E-02  -0.3515935E-02   0.4847344E-02   0.1296982E-05  -0.8766018E-05   0.1888729E-02   0.9697549E-02   0.2094232E-02   0.7386933E-05   0.2231399E-03   0.1695541E-02  -0.2712734E-04   0.2712741E-04
  -0.1112183E-04   0.9453361E-04  -0.5598145E-05  -0.1440023E-03  -0.1848419E-03  -0.3777707E-03   0.1394978E+01   0.1723928E+00  -0.1208996E+01   0.1802906E+00   0.6321149E+00   0.1494906E+00  -0.3515935E-02   0.2082956E-01  -0.1981211E-02  -0.9281373E-05   0.2467421E-04   0.3522917E-02  -0.5334192E-01   0.7142103E-02  -0.1264010E-04   0.1970704E-03  -0.4413547E-01   0.5413831E-03  -0.5413830E-03
   0.4243155E-05  -0.1568788E-04  -0.1137537E-04   0.2838365E-04   0.7980521E-04   0.1181503E-03  -0.1512212E+01  -0.1509877E+00  -0.1371265E+01   0.2275611E-01   0.6972041E+00   0.1991717E-01   0.4847344E-02  -0.1981211E-02   0.1652477E-01   0.6983414E-06   0.4029681E-05  -0.4053537E-02   0.1814405E-01   0.4061628E-02  -0.1609929E-04   0.3608337E-03   0.5540752E-02  -0.7575515E-04   0.7575496E-04
   0.6594337E-08  -0.1342035E-06   0.2619835E-08   0.1519502E-06   0.8397607E-07   0.3711673E-06   0.1232257E-02   0.6853773E-03   0.7463689E-03  -0.3210857E-03  -0.3881166E-03  -0.6524067E-04   0.1296982E-05  -0.9281373E-05   0.6983414E-06   0.1547825E-06  -0.3092817E-07   0.2444856E-05   0.1227653E-04  -0.4388763E-05  -0.2312978E-07  -0.7869663E-06   0.5217157E-04  -0.7060160E-06   0.7060148E-06
   0.5965747E-08  -0.5511314E-08  -0.7078773E-07  -0.4233370E-06  -0.4108014E-06   0.5562643E-06  -0.3231522E-02  -0.7911487E-03  -0.5333272E-02   0.5350515E-03   0.2338325E-02  -0.1216380E-03  -0.8766018E-05   0.2467421E-04   0.4029681E-05  -0.3092817E-07   0.2048940E-05   0.1678992E-04  -0.2424705E-04   0.1051981E-03  -0.4534315E-07   0.2324499E-05  -0.1933514E-04   0.2068836E-06  -0.2068831E-06
   0.9727307E-06  -0.2455650E-05  -0.5238016E-05   0.3273107E-04   0.1044887E-03  -0.3685931E-04  -0.2939595E-01   0.1219334E+01   0.4092985E+00   0.1000100E+00  -0.3509983E+00  -0.4790881E-02   0.1888729E-02   0.3522917E-02  -0.4053537E-02   0.2444856E-05   0.1678992E-04   0.7383251E-01   0.9644128E-01   0.1607896E-01   0.4954439E-04   0.2015715E-02  -0.3876113E-03   0.1020437E-04  -0.1020404E-04
  -0.3371384E-04   0.1011760E-03   0.5775463E-05   0.8011173E-03   0.2241883E-03  -0.2362597E-02  -0.1089443E+01  -0.1095153E+02  -0.7392243E+01  -0.6741274E+00  -0.2234328E+01  -0.2311269E+00   0.9697549E-02  -0.5334192E-01   0.1814405E-01   0.1227653E-04  -0.2424705E-04   0.9644128E-01   0.7680319E+01   0.8130242E-01  -0.1068763E-02  -0.1307028E-03  -0.5890102E-01   0.6961345E-03  -0.6961345E-03
   0.2531333E-05   0.1519479E-03  -0.7495144E-05  -0.4504555E-03  -0.8194518E-04  -0.2280927E-03   0.1280891E+02  -0.1739405E+00   0.1668779E+00  -0.2107268E+00  -0.1877521E+00   0.4373948E+00   0.2094232E-02   0.7142103E-02   0.4061628E-02  -0.4388763E-05   0.1051981E-03   0.1607896E-01   0.8130242E-01   0.2905260E+00  -0.2441254E-03   0.1975346E-02  -0.5267108E-01   0.7784067E-03  -0.7784070E-03
   0.2358564E-07   0.6022287E-06  -0.2396085E-06   0.1368977E-05   0.2638553E-05   0.1513930E-05  -0.8338871E-02   0.2248141E-02   0.5326204E-02   0.1837977E-03  -0.2396851E-02   0.8063908E-04   0.7386933E-05  -0.1264010E-04  -0.1609929E-04  -0.2312978E-07  -0.4534315E-07   0.4954439E-04  -0.1068763E-02  -0.2441254E-03   0.3988244E-04  -0.3386518E-04  -0.2940861E-03   0.3425735E-05  -0.3425729E-05
  -0.2125923E-06   0.1416729E-04   0.8941207E-06  -0.2042932E-04   0.1048800E-04  -0.6583609E-04   0.3485913E+00   0.5954238E-01  -0.5834107E-01   0.2059615E-01   0.3440719E-01  -0.1294529E-01   0.2231399E-03   0.1970704E-03   0.3608337E-03  -0.7869663E-06   0.2324499E-05   0.2015715E-02  -0.1307028E-03   0.1975346E-02  -0.3386518E-04   0.5068176E-02  -0.4784235E-02   0.6953892E-04  -0.6953890E-04
   0.1993934E-03  -0.2492297E-02   0.2947343E-03   0.1810356E-02  -0.1506476E-02   0.5669398E-02  -0.8595600E+00   0.1350966E+01   0.7128553E+00  -0.1375318E+01  -0.9397088E+00  -0.4592794E+00   0.1695541E-02  -0.4413547E-01   0.5540752E-02   0.5217157E-04  -0.1933514E-04  -0.3876113E-03  -0.5890102E-01  -0.5267108E-01  -0.2940861E-03  -0.4784235E-02   0.1215971E+01  -0.1569131E-01   0.1569132E-01
  -0.2216710E-05   0.3345889E-04  -0.3216763E-05  -0.2277271E-04   0.2627078E-04  -0.7456159E-04   0.1021829E-01  -0.2394307E-01  -0.8543193E-02   0.1818227E-01   0.1027976E-01   0.6252876E-02  -0.2712734E-04   0.5413831E-03  -0.7575515E-04  -0.7060160E-06   0.2068836E-06   0.1020437E-04   0.6961345E-03   0.7784067E-03   0.3425735E-05   0.6953892E-04  -0.1569131E-01   0.2067237E-03  -0.2067237E-03
   0.2216708E-05  -0.3345888E-04   0.3216762E-05   0.2277269E-04  -0.2627079E-04   0.7456161E-04  -0.1021825E-01   0.2394307E-01   0.8543164E-02  -0.1818227E-01  -0.1027976E-01  -0.6252879E-02   0.2712741E-04  -0.5413830E-03   0.7575496E-04   0.7060148E-06  -0.2068831E-06  -0.1020404E-04  -0.6961345E-03  -0.7784070E-03  -0.3425729E-05  -0.6953890E-04   0.1569132E-01  -0.2067237E-03   0.2067236E-03
