 ombh2 omch2 theta tau de_Q de_n_tracking logA ns A_ps_100 A_ps_143 A_ps_217 A_cib_143 A_cib_217 A_sz r_ps r_cib n_Dl_cib cal_100 cal_217 xi_sz_cib A_ksz Bm_1_1 alpha_JLA beta_JLA H0 omegam omegal epss
   0.2884582E-06  -0.4278369E-06   0.1448463E-06   0.7270798E-06   0.8771067E-07   0.7296525E-05   0.5461338E-06   0.2293238E-05  -0.5417657E-02  -0.3920768E-02   0.1925459E-03  -0.6866557E-03  -0.1585053E-02  -0.1719645E-03  -0.3965525E-05  -0.2197945E-04   0.1818710E-05   0.2489616E-07  -0.5385176E-07  -0.1586806E-04   0.1715518E-03  -0.7229936E-04   0.9851791E-06  -0.6800260E-05   0.4405942E-03  -0.4117458E-05   0.4117458E-05  -0.5580187E-07
  -0.4278369E-06   0.1081853E-04   0.6890813E-06  -0.2188364E-05   0.3701005E-04   0.5303177E-04   0.1297737E-04  -0.5448590E-05   0.2288228E-01   0.8416154E-03  -0.2895833E-03  -0.1882532E-02  -0.6077755E-04   0.1042946E-03  -0.4757298E-04   0.1258768E-03  -0.3750387E-04  -0.4067579E-06  -0.1657530E-05  -0.8089364E-04  -0.1546686E-02  -0.1196599E-03  -0.1263376E-05   0.1348104E-04  -0.4084156E-02   0.5809186E-04  -0.5809188E-04   0.8070994E-06
   0.1448463E-06   0.6890813E-06   0.3599430E-06   0.1365546E-05   0.4303560E-05   0.2188568E-04   0.3458933E-05   0.1840901E-05  -0.1505675E-02  -0.2710157E-02   0.7445741E-03  -0.3059544E-03  -0.1526770E-02   0.2610334E-04  -0.1189493E-04   0.6134216E-05  -0.1651350E-04  -0.3433635E-07  -0.2641016E-06  -0.5391058E-05  -0.1545599E-03  -0.7517899E-04   0.7621457E-06  -0.3031510E-05  -0.2313682E-04   0.1851073E-05  -0.1851075E-05   0.8777902E-07
   0.7270798E-06  -0.2188364E-05   0.1365546E-05   0.4719628E-04   0.7042262E-05   0.2270565E-03   0.8499772E-04   0.5107241E-05  -0.5363168E-02   0.3278923E-02  -0.2258068E-01   0.3694207E-02   0.8929900E-02   0.8232627E-03   0.5315130E-04   0.1858289E-03   0.9113551E-04  -0.4139220E-06  -0.7177004E-06   0.3074524E-03   0.9732029E-05  -0.3700973E-03  -0.5253213E-05  -0.1530405E-03   0.1822292E-02  -0.1963563E-04   0.1963565E-04   0.3919841E-06
   0.8771067E-07   0.3701005E-04   0.4303560E-05   0.7042262E-05   0.3672898E-03   0.3641489E-03   0.6742863E-04  -0.6071231E-05   0.1827006E+00   0.3621282E-01  -0.2407774E-01  -0.1973218E-01   0.1041420E-01   0.1931853E-02  -0.2184893E-03   0.7503271E-03   0.9833915E-04  -0.1744969E-05  -0.6821826E-05  -0.1556663E-03  -0.9062466E-02  -0.5936804E-03  -0.4601682E-05  -0.1099519E-04  -0.1237442E-01   0.1916552E-03  -0.1916553E-03   0.7280299E-05
   0.7296525E-05   0.5303177E-04   0.2188568E-04   0.2270565E-03   0.3641489E-03   0.2601246E-02   0.5564829E-03   0.5546661E-04  -0.1850785E+00   0.6453267E-01  -0.3594125E-01  -0.2430594E-01  -0.3331594E-01   0.1204254E-01   0.4921879E-04   0.1838947E-02  -0.1139731E-03  -0.4804218E-05  -0.8724221E-05   0.3438496E-02  -0.2611166E-01  -0.9858459E-03  -0.1918434E-04  -0.1148756E-02  -0.6367818E-02   0.1813064E-03  -0.1813061E-03   0.6226491E-05
   0.5461338E-06   0.1297737E-04   0.3458933E-05   0.8499772E-04   0.6742863E-04   0.5564829E-03   0.1876074E-03  -0.5966599E-05   0.1424846E-01   0.2144071E-01  -0.4281914E-01   0.4461029E-02   0.1871420E-01   0.1910687E-02   0.7860715E-04   0.5853831E-03   0.1683504E-03  -0.1395356E-05  -0.2519601E-05   0.6872466E-03  -0.3509294E-02  -0.3514440E-03  -0.1502379E-04  -0.3114114E-03  -0.3154875E-02   0.5648986E-04  -0.5648988E-04   0.2130353E-05
   0.2293238E-05  -0.5448590E-05   0.1840901E-05   0.5107241E-05  -0.6071231E-05   0.5546661E-04  -0.5966599E-05   0.4167949E-04  -0.1026664E+00  -0.2839408E-01   0.2905909E-01  -0.1648467E-01  -0.3005749E-01   0.3392308E-03  -0.3633860E-04  -0.1979008E-03  -0.1555922E-03  -0.6736746E-07  -0.6235340E-06  -0.4544511E-04   0.7326638E-03  -0.5281316E-03   0.1046080E-04   0.8179642E-05   0.4395232E-02  -0.4680445E-04   0.4680447E-04  -0.4394614E-06
  -0.5417657E-02   0.2288228E-01  -0.1505675E-02  -0.5363168E-02   0.1827006E+00  -0.1850785E+00   0.1424846E-01  -0.1026664E+00   0.2374031E+04  -0.4001722E+02  -0.1319969E+03   0.7190983E+02   0.1000036E+03  -0.9792627E+01  -0.7791246E+00   0.1002181E+01  -0.4063638E+00   0.3355372E-02  -0.5526510E-02  -0.2689244E+01  -0.7980229E+01   0.1034201E+02   0.6534862E-02   0.4171499E+00  -0.1376367E+02   0.1600007E+00  -0.1600008E+00   0.3869378E-02
  -0.3920768E-02   0.8416154E-03  -0.2710157E-02   0.3278923E-02   0.3621282E-01   0.6453267E-01   0.2144071E-01  -0.2839408E-01  -0.4001722E+02   0.2558789E+03  -0.1534547E+02  -0.2125032E+02   0.4470480E+02   0.7788728E+01   0.3057850E+00   0.1066255E+01   0.3374464E+00  -0.8318797E-04   0.4420401E-02   0.2253778E+01  -0.1962983E+02   0.1493380E+01  -0.2105000E-01  -0.1037166E+00  -0.4330556E+01   0.3288539E-01  -0.3288540E-01   0.1748598E-03
   0.1925459E-03  -0.2895833E-03   0.7445741E-03  -0.2258068E-01  -0.2407774E-01  -0.3594125E-01  -0.4281914E-01   0.2905909E-01  -0.1319969E+03  -0.1534547E+02   0.2611379E+03  -0.1754175E+02  -0.1181943E+03  -0.4914727E+01  -0.7524194E-01  -0.8276935E+00  -0.9737033E+00   0.9552192E-05  -0.1988390E-02   0.5113631E-01  -0.4421633E+01  -0.5928393E+00   0.1320957E-01   0.1187117E+00   0.4009129E+00  -0.6296800E-02   0.6296840E-02   0.6644596E-04
  -0.6866557E-03  -0.1882532E-02  -0.3059544E-03   0.3694207E-02  -0.1973218E-01  -0.2430594E-01   0.4461029E-02  -0.1648467E-01   0.7190983E+02  -0.2125032E+02  -0.1754175E+02   0.2983121E+02   0.1519685E+02  -0.1632028E+01  -0.1212393E-01  -0.9625369E-01  -0.2375697E-01   0.1730602E-03  -0.2558650E-03   0.1606140E+00  -0.4737026E-01  -0.1986366E+00  -0.2387714E-02   0.2227699E-01   0.1824746E-01  -0.5770187E-02   0.5770186E-02  -0.3103266E-03
  -0.1585053E-02  -0.6077755E-04  -0.1526770E-02   0.8929900E-02   0.1041420E-01  -0.3331594E-01   0.1871420E-01  -0.3005749E-01   0.1000036E+03   0.4470480E+02  -0.1181943E+03   0.1519685E+02   0.7504353E+02   0.4639987E+01   0.1483017E+00   0.5425137E+00   0.6452639E+00   0.7911299E-04   0.1652254E-02   0.3613736E-01  -0.4543460E+01   0.6921951E+00  -0.1216482E-01  -0.3009512E-01  -0.1726993E+01   0.1320868E-01  -0.1320868E-01  -0.3890605E-04
  -0.1719645E-03   0.1042946E-03   0.2610334E-04   0.8232627E-03   0.1931853E-02   0.1204254E-01   0.1910687E-02   0.3392308E-03  -0.9792627E+01   0.7788728E+01  -0.4914727E+01  -0.1632028E+01   0.4639987E+01   0.5321266E+01   0.3559528E-01   0.1891603E+00   0.5600541E-01  -0.8869726E-04   0.3857989E-03   0.1280058E+00  -0.2049860E+01   0.5076687E+00  -0.9192874E-03  -0.5345215E-02  -0.1741892E+00   0.1372007E-02  -0.1372007E-02  -0.1153189E-03
  -0.3965525E-05  -0.4757298E-04  -0.1189493E-04   0.5315130E-04  -0.2184893E-03   0.4921879E-04   0.7860715E-04  -0.3633860E-04  -0.7791246E+00   0.3057850E+00  -0.7524194E-01  -0.1212393E-01   0.1483017E+00   0.3559528E-01   0.7792399E-02  -0.1935554E-02   0.5790541E-02   0.2216182E-05   0.1275647E-04   0.8591921E-02  -0.9426519E-02   0.6196541E-02  -0.5782226E-04  -0.1705819E-03   0.1081050E-01  -0.1937697E-03   0.1937696E-03  -0.6392430E-05
  -0.2197945E-04   0.1258768E-03   0.6134216E-05   0.1858289E-03   0.7503271E-03   0.1838947E-02   0.5853831E-03  -0.1979008E-03   0.1002181E+01   0.1066255E+01  -0.8276935E+00  -0.9625369E-01   0.5425137E+00   0.1891603E+00  -0.1935554E-02   0.1815724E-01   0.2303164E-03  -0.9381647E-05   0.1969816E-04   0.1131973E-01  -0.1499089E+00   0.2265330E-01  -0.1763367E-03  -0.8846530E-03  -0.6207683E-01   0.7707259E-03  -0.7707258E-03   0.6586743E-05
   0.1818710E-05  -0.3750387E-04  -0.1651350E-04   0.9113551E-04   0.9833915E-04  -0.1139731E-03   0.1683504E-03  -0.1555922E-03  -0.4063638E+00   0.3374464E+00  -0.9737033E+00  -0.2375697E-01   0.6452639E+00   0.5600541E-01   0.5790541E-02   0.2303164E-03   0.1452201E-01   0.1982357E-05   0.1462396E-04   0.1347154E-02   0.1677779E-01   0.8244068E-02  -0.5914427E-04  -0.6445944E-03   0.1087275E-01  -0.1393288E-03   0.1393285E-03  -0.1713963E-05
   0.2489616E-07  -0.4067579E-06  -0.3433635E-07  -0.4139220E-06  -0.1744969E-05  -0.4804218E-05  -0.1395356E-05  -0.6736746E-07   0.3355372E-02  -0.8318797E-04   0.9552192E-05   0.1730602E-03   0.7911299E-04  -0.8869726E-04   0.2216182E-05  -0.9381647E-05   0.1982357E-05   0.1694808E-06   0.6939163E-07  -0.8355481E-05  -0.2508584E-04  -0.1436914E-04   0.1921599E-06  -0.3431220E-06   0.1593547E-03  -0.2192355E-05   0.2192354E-05  -0.4932740E-07
  -0.5385176E-07  -0.1657530E-05  -0.2641016E-06  -0.7177004E-06  -0.6821826E-05  -0.8724221E-05  -0.2519601E-05  -0.6235340E-06  -0.5526510E-02   0.4420401E-02  -0.1988390E-02  -0.2558650E-03   0.1652254E-02   0.3857989E-03   0.1275647E-04   0.1969816E-04   0.1462396E-04   0.6939163E-07   0.2055680E-05   0.4983668E-04   0.2562727E-04   0.2680343E-03  -0.1324775E-05  -0.4186882E-05   0.4822320E-03  -0.7708007E-05   0.7708001E-05  -0.8511448E-07
  -0.1586806E-04  -0.8089364E-04  -0.5391058E-05   0.3074524E-03  -0.1556663E-03   0.3438496E-02   0.6872466E-03  -0.4544511E-04  -0.2689244E+01   0.2253778E+01   0.5113631E-01   0.1606140E+00   0.3613736E-01   0.1280058E+00   0.8591921E-02   0.1131973E-01   0.1347154E-02  -0.8355481E-05   0.4983668E-04   0.8565433E-01  -0.2629769E-01   0.2041271E-01  -0.2783814E-03  -0.1116541E-02   0.1610028E-01  -0.3368548E-03   0.3368554E-03  -0.1581820E-04
   0.1715518E-03  -0.1546686E-02  -0.1545599E-03   0.9732029E-05  -0.9062466E-02  -0.2611166E-01  -0.3509294E-02   0.7326638E-03  -0.7980229E+01  -0.1962983E+02  -0.4421633E+01  -0.4737026E-01  -0.4543460E+01  -0.2049860E+01  -0.9426519E-02  -0.1499089E+00   0.1677779E-01  -0.2508584E-04   0.2562727E-04  -0.2629769E-01   0.7864385E+01  -0.2963340E-01   0.2744781E-03   0.1438936E-01   0.6630079E+00  -0.8772225E-02   0.8772238E-02   0.7903695E-04
  -0.7229936E-04  -0.1196599E-03  -0.7517899E-04  -0.3700973E-03  -0.5936804E-03  -0.9858459E-03  -0.3514440E-03  -0.5281316E-03   0.1034201E+02   0.1493380E+01  -0.5928393E+00  -0.1986366E+00   0.6921951E+00   0.5076687E+00   0.6196541E-02   0.2265330E-01   0.8244068E-02  -0.1436914E-04   0.2680343E-03   0.2041271E-01  -0.2963340E-01   0.2798127E+00  -0.2839987E-03   0.1315508E-02  -0.4106798E-01   0.1770168E-04  -0.1770224E-04   0.2521025E-04
   0.9851791E-06  -0.1263376E-05   0.7621457E-06  -0.5253213E-05  -0.4601682E-05  -0.1918434E-04  -0.1502379E-04   0.1046080E-04   0.6534862E-02  -0.2105000E-01   0.1320957E-01  -0.2387714E-02  -0.1216482E-01  -0.9192874E-03  -0.5782226E-04  -0.1763367E-03  -0.5914427E-04   0.1921599E-06  -0.1324775E-05  -0.2783814E-03   0.2744781E-03  -0.2839987E-03   0.3887475E-04  -0.1480322E-05   0.1501328E-02  -0.1401414E-04   0.1401415E-04   0.3910912E-08
  -0.6800260E-05   0.1348104E-04  -0.3031510E-05  -0.1530405E-03  -0.1099519E-04  -0.1148756E-02  -0.3114114E-03   0.8179642E-05   0.4171499E+00  -0.1037166E+00   0.1187117E+00   0.2227699E-01  -0.3009512E-01  -0.5345215E-02  -0.1705819E-03  -0.8846530E-03  -0.6445944E-03  -0.3431220E-06  -0.4186882E-05  -0.1116541E-02   0.1438936E-01   0.1315508E-02  -0.1480322E-05   0.7249253E-02  -0.1208363E-01   0.1112907E-03  -0.1112907E-03   0.6520146E-05
   0.4405942E-03  -0.4084156E-02  -0.2313682E-04   0.1822292E-02  -0.1237442E-01  -0.6367818E-02  -0.3154875E-02   0.4395232E-02  -0.1376367E+02  -0.4330556E+01   0.4009129E+00   0.1824746E-01  -0.1726993E+01  -0.1741892E+00   0.1081050E-01  -0.6207683E-01   0.1087275E-01   0.1593547E-03   0.4822320E-03   0.1610028E-01   0.6630079E+00  -0.4106798E-01   0.1501328E-02  -0.1208363E-01   0.1877331E+01  -0.2439556E-01   0.2439553E-01  -0.3276422E-03
  -0.4117458E-05   0.5809186E-04   0.1851073E-05  -0.1963563E-04   0.1916552E-03   0.1813064E-03   0.5648986E-04  -0.4680445E-04   0.1600007E+00   0.3288539E-01  -0.6296800E-02  -0.5770187E-02   0.1320868E-01   0.1372007E-02  -0.1937697E-03   0.7707259E-03  -0.1393288E-03  -0.2192355E-05  -0.7708007E-05  -0.3368548E-03  -0.8772225E-02   0.1770168E-04  -0.1401414E-04   0.1112907E-03  -0.2439556E-01   0.3318849E-03  -0.3318847E-03   0.4569460E-05
   0.4117458E-05  -0.5809188E-04  -0.1851075E-05   0.1963565E-04  -0.1916553E-03  -0.1813061E-03  -0.5648988E-04   0.4680447E-04  -0.1600008E+00  -0.3288540E-01   0.6296840E-02   0.5770186E-02  -0.1320868E-01  -0.1372007E-02   0.1937696E-03  -0.7707258E-03   0.1393285E-03   0.2192354E-05   0.7708001E-05   0.3368554E-03   0.8772238E-02  -0.1770224E-04   0.1401415E-04  -0.1112907E-03   0.2439553E-01  -0.3318847E-03   0.3318847E-03  -0.4569460E-05
  -0.5580187E-07   0.8070994E-06   0.8777902E-07   0.3919841E-06   0.7280299E-05   0.6226491E-05   0.2130353E-05  -0.4394614E-06   0.3869378E-02   0.1748598E-03   0.6644596E-04  -0.3103266E-03  -0.3890605E-04  -0.1153189E-03  -0.6392430E-05   0.6586743E-05  -0.1713963E-05  -0.4932740E-07  -0.8511448E-07  -0.1581820E-04   0.7903695E-04   0.2521025E-04   0.3910912E-08   0.6520146E-05  -0.3276422E-03   0.4569460E-05  -0.4569460E-05   0.2347600E-05
