 ombh2 omch2 theta de_Q de_n_tracking de_dUdphi alpha_JLA beta_JLA H0 omegam omegal epss
   0.4350159E-07  -0.8113955E-07   0.2226014E-07   0.1545619E-05  -0.1498878E-06  -0.3806063E-05  -0.1479322E-07   0.5171373E-06   0.5433330E-04  -0.5113298E-06   0.5113291E-06   0.1365678E-05
  -0.8113955E-07   0.1859302E-05  -0.7293935E-07   0.1878058E-04  -0.6121467E-05   0.1059672E-03   0.6648344E-07  -0.3789768E-05  -0.4508511E-03   0.7329405E-05  -0.7329401E-05  -0.3746402E-04
   0.2226014E-07  -0.7293935E-07   0.2136625E-06  -0.2992167E-05  -0.1651020E-04  -0.1960938E-04  -0.5245587E-07   0.8248613E-06   0.6634891E-04  -0.6580058E-06   0.6580360E-06   0.6127632E-05
   0.1545619E-05   0.1878058E-04  -0.2992167E-05   0.1976341E-01  -0.2630935E-02  -0.5597576E-02   0.2209324E-04   0.1491635E-03   0.6250812E-02   0.3992395E-03  -0.3992388E-03  -0.3584139E-02
  -0.1498878E-06  -0.6121467E-05  -0.1651020E-04  -0.2630935E-02   0.3578224E+00   0.2350249E-01  -0.8169994E-04   0.9208299E-03   0.5410207E-02  -0.2571276E-03   0.2571265E-03  -0.4465982E-03
  -0.3806063E-05   0.1059672E-03  -0.1960938E-04  -0.5597576E-02   0.2350249E-01   0.1323401E+00  -0.7158733E-05  -0.8172091E-03   0.9834120E-01  -0.1734174E-02   0.1734169E-02  -0.2314129E-01
  -0.1479322E-07   0.6648344E-07  -0.5245587E-07   0.2209324E-04  -0.8169994E-04  -0.7158733E-05   0.4219190E-04  -0.1870059E-04   0.4361850E-04  -0.5390634E-06   0.5390694E-06  -0.2152202E-04
   0.5171373E-06  -0.3789768E-05   0.8248613E-06   0.1491635E-03   0.9208299E-03  -0.8172091E-03  -0.1870059E-04   0.6112165E-02   0.2091079E-02  -0.2404769E-04   0.2404763E-04  -0.7808423E-04
   0.5433330E-04  -0.4508511E-03   0.6634891E-04   0.6250812E-02   0.5410207E-02   0.9834120E-01   0.4361850E-04   0.2091079E-02   0.5059856E+00  -0.6625112E-02   0.6625111E-02  -0.5168080E-01
  -0.5113298E-06   0.7329405E-05  -0.6580058E-06   0.3992395E-03  -0.2571276E-03  -0.1734174E-02  -0.5390634E-06  -0.2404769E-04  -0.6625112E-02   0.1078657E-03  -0.1078655E-03   0.5859142E-03
   0.5113291E-06  -0.7329401E-05   0.6580360E-06  -0.3992388E-03   0.2571265E-03   0.1734169E-02   0.5390694E-06   0.2404763E-04   0.6625111E-02  -0.1078655E-03   0.1078654E-03  -0.5859151E-03
   0.1365678E-05  -0.3746402E-04   0.6127632E-05  -0.3584139E-02  -0.4465982E-03  -0.2314129E-01  -0.2152202E-04  -0.7808423E-04  -0.5168080E-01   0.5859142E-03  -0.5859151E-03   0.1301099E-01
