 ombh2 omch2 h de_Q de_n_tracking de_dUdphi alpha_JLA beta_JLA H0 omegam omegal epss
   0.2586328E-05   0.8233422E-05   0.2255559E-04   0.3567274E-05   0.1909133E-03  -0.5854635E-04   0.1854695E-06  -0.1011772E-07   0.2275617E-02   0.1938405E-05  -0.1938405E-05   0.8353860E-05
   0.8233422E-05   0.1438388E-03   0.1917969E-03  -0.4927471E-04   0.3762479E-03  -0.2055268E-03  -0.2303228E-06  -0.1046723E-04   0.1876552E-01   0.1357006E-03  -0.1357006E-03   0.1037178E-03
   0.2255559E-04   0.1917969E-03   0.3572655E-03  -0.1815120E-03   0.8511928E-03  -0.1258066E-03   0.2090133E-05  -0.1245610E-04   0.3529030E-01   0.1112624E-03  -0.1112624E-03   0.1002704E-03
   0.3567274E-05  -0.4927471E-04  -0.1815120E-03   0.2044501E-01   0.1731350E-01  -0.1649156E-01  -0.4363855E-06  -0.1482384E-03  -0.1847249E-01   0.2985924E-03  -0.2985926E-03   0.8529708E-03
   0.1909133E-03   0.3762479E-03   0.8511928E-03   0.1731350E-01   0.3511156E+00   0.4442651E-01   0.1130857E-03   0.5717028E-03   0.9659329E-01   0.3455980E-03  -0.3455987E-03  -0.1927727E-02
  -0.5854635E-04  -0.2055268E-03  -0.1258066E-03  -0.1649156E-01   0.4442651E-01   0.2213009E+00  -0.1203473E-03  -0.6036850E-03  -0.1641388E-01  -0.1543577E-02   0.1543577E-02  -0.1702086E-01
   0.1854695E-06  -0.2303228E-06   0.2090133E-05  -0.4363855E-06   0.1130857E-03  -0.1203473E-03   0.4363940E-04  -0.2305283E-04   0.1686187E-03  -0.1104285E-05   0.1104287E-05   0.1810736E-04
  -0.1011772E-07  -0.1046723E-04  -0.1245610E-04  -0.1482384E-03   0.5717028E-03  -0.6036850E-03  -0.2305283E-04   0.6707966E-02  -0.1633913E-02  -0.1510227E-04   0.1510227E-04   0.6797131E-04
   0.2275617E-02   0.1876552E-01   0.3529030E-01  -0.1847249E-01   0.9659329E-01  -0.1641388E-01   0.1686187E-03  -0.1633913E-02   0.3993962E+01   0.1206050E-01  -0.1206050E-01   0.9730176E-02
   0.1938405E-05   0.1357006E-03   0.1112624E-03   0.2985924E-03   0.3455980E-03  -0.1543577E-02  -0.1104285E-05  -0.1510227E-04   0.1206050E-01   0.2133887E-03  -0.2133888E-03   0.2578535E-03
  -0.1938405E-05  -0.1357006E-03  -0.1112624E-03  -0.2985926E-03  -0.3455987E-03   0.1543577E-02   0.1104287E-05   0.1510227E-04  -0.1206050E-01  -0.2133888E-03   0.2133887E-03  -0.2578536E-03
   0.8353860E-05   0.1037178E-03   0.1002704E-03   0.8529708E-03  -0.1927727E-02  -0.1702086E-01   0.1810736E-04   0.6797131E-04   0.9730176E-02   0.2578535E-03  -0.2578536E-03   0.3441797E-02
