   0.9613128E-08  -0.4891728E-07   0.7192190E-09  -0.3932581E-07   0.6930635E-07   0.1424610E-06  -0.1603069E-05  -0.1305263E-06  -0.6315117E-08  -0.1225713E-03   0.7341000E-06   0.9676610E-04   0.2965948E-04  -0.2164906E-04  -0.3874409E-05   0.3019244E-06  -0.3852820E-06  -0.8948876E-07  -0.7832034E-09   0.1226618E-08   0.1759052E-05   0.1601000E-05   0.1881921E-05   0.6422078E-07  -0.1836356E-07   0.2393437E-04  -0.2749989E-06   0.2749990E-06   0.1621990E-06
  -0.4891728E-07   0.6850836E-06  -0.5289411E-07   0.3127661E-06  -0.4182073E-07  -0.7379730E-06   0.1453412E-04   0.1276876E-05  -0.9273951E-07   0.6970466E-03  -0.8412111E-04  -0.2602206E-03  -0.2910203E-03   0.1225550E-03   0.1209205E-04  -0.4204259E-05   0.3799631E-05  -0.1539411E-06   0.2046773E-07  -0.1534968E-08  -0.2127207E-04  -0.1626584E-04  -0.2582008E-04  -0.5353413E-06   0.1063697E-05  -0.2925835E-03   0.3723759E-05  -0.3723758E-05  -0.1463538E-05
   0.7192190E-09  -0.5289411E-07   0.8115722E-08  -0.1283784E-07  -0.3653566E-07   0.9074893E-07  -0.7846184E-06  -0.6383747E-07  -0.8579504E-08  -0.1012260E-03   0.2162449E-04  -0.2080753E-04   0.1923575E-04  -0.3410655E-05   0.1256212E-05   0.3703449E-06  -0.3377536E-06   0.4172821E-07  -0.3832739E-08   0.2638526E-09   0.2021928E-05   0.2292051E-05   0.3173211E-05   0.4958202E-07  -0.9481937E-07   0.2205191E-04  -0.2917018E-06   0.2917015E-06   0.7699728E-07
  -0.3932581E-07   0.3127661E-06  -0.1283784E-07   0.5964362E-06  -0.4681749E-06  -0.1331981E-05   0.1403271E-04   0.1550427E-05  -0.8459991E-07   0.1187617E-02   0.6768979E-05  -0.6760320E-03  -0.4128218E-03   0.3280947E-03   0.2098905E-04  -0.5056658E-05   0.2569394E-05  -0.1852774E-05  -0.1028028E-08  -0.5004595E-07  -0.9767307E-05  -0.8097910E-05  -0.2227020E-04  -0.6150128E-06   0.3700475E-06  -0.1380692E-03   0.1693707E-05  -0.1693705E-05  -0.1485135E-05
   0.6930635E-07  -0.4182073E-07  -0.3653566E-07  -0.4681749E-06   0.9368517E-06   0.1497034E-05  -0.1081718E-04  -0.1069383E-05  -0.1149892E-06  -0.1220484E-02  -0.8688997E-04   0.1145386E-02   0.2694011E-03  -0.3142436E-03  -0.3989399E-04   0.2218784E-05  -0.1704826E-05   0.2736932E-06   0.1399173E-07   0.4284228E-07   0.3228508E-05   0.5910461E-05   0.6737197E-05   0.4993370E-06   0.6334006E-06   0.4624702E-04  -0.2824554E-06   0.2824559E-06   0.1155856E-05
   0.1424610E-06  -0.7379730E-06   0.9074893E-07  -0.1331981E-05   0.1497034E-05   0.7629757E-05  -0.3413828E-04  -0.3161707E-05  -0.1169532E-05  -0.6767953E-02   0.4126607E-03   0.2472056E-02   0.1002536E-02  -0.9529776E-03  -0.5242015E-04   0.1302657E-04  -0.1088190E-04   0.2687433E-05  -0.6760360E-07   0.1514239E-06   0.4489511E-04   0.8417877E-04   0.9484671E-04   0.2555588E-05   0.1656693E-05   0.3788784E-03  -0.4279201E-05   0.4279198E-05   0.3594035E-05
  -0.1603069E-05   0.1453412E-04  -0.7846184E-06   0.1403271E-04  -0.1081718E-04  -0.3413828E-04   0.4488209E-03   0.4380850E-04  -0.3015822E-05   0.3067322E-01  -0.6500882E-03  -0.1786344E-01  -0.1102139E-01   0.7460014E-02   0.6492389E-03  -0.1362614E-03   0.9797986E-04  -0.2631085E-04   0.2285696E-06  -0.8126922E-06  -0.4575726E-03  -0.3553720E-03  -0.7044300E-03  -0.1802726E-04   0.1851994E-04  -0.6440624E-02   0.7953464E-04  -0.7953468E-04  -0.4632225E-04
  -0.1305263E-06   0.1276876E-05  -0.6383747E-07   0.1550427E-05  -0.1069383E-05  -0.3161707E-05   0.4380850E-04   0.4608026E-05  -0.5381989E-06   0.2861014E-02   0.1380295E-04  -0.1728456E-02  -0.1196187E-02   0.8509406E-03   0.6176679E-04  -0.1459880E-04   0.8487419E-05  -0.4524657E-05   0.6678188E-08  -0.1071949E-06  -0.3716956E-04  -0.2339194E-04  -0.6740463E-04  -0.1718477E-05   0.1933346E-05  -0.5558445E-03   0.6939277E-05  -0.6939274E-05  -0.4574385E-05
  -0.6315117E-08  -0.9273951E-07  -0.8579504E-08  -0.8459991E-07  -0.1149892E-06  -0.1169532E-05  -0.3015822E-05  -0.5381989E-06   0.7157859E-06   0.9176395E-03  -0.1434513E-03  -0.1674144E-03   0.1519211E-03  -0.4913722E-04  -0.5279841E-05   0.1005416E-05   0.7912198E-06   0.1346523E-05   0.1997864E-07  -0.1905364E-08  -0.4558914E-05  -0.2237863E-04  -0.4441407E-05  -0.2007758E-06  -0.1100597E-05   0.2898528E-04  -0.4786699E-06   0.4786705E-06   0.3142158E-06
  -0.1225713E-03   0.6970466E-03  -0.1012260E-03   0.1187617E-02  -0.1220484E-02  -0.6767953E-02   0.3067322E-01   0.2861014E-02   0.9176395E-03   0.6406244E+01  -0.4308519E+00  -0.2057569E+01  -0.9452852E+00   0.8481321E+00   0.4299711E-01  -0.1224869E-01   0.1022599E-01  -0.2549719E-02   0.6899631E-04  -0.1402524E-03  -0.4328046E-01  -0.7568506E-01  -0.9206614E-01  -0.2340049E-02  -0.7533668E-03  -0.3602902E+00   0.4117235E-02  -0.4117232E-02  -0.3217834E-02
   0.7341000E-06  -0.8412111E-04   0.2162449E-04   0.6768979E-05  -0.8688997E-04   0.4126607E-03  -0.6500882E-03   0.1380295E-04  -0.1434513E-03  -0.4308519E+00   0.8508889E-01  -0.5135875E-01   0.9727278E-02   0.9971600E-02   0.5260043E-02   0.5510792E-03  -0.8768679E-03  -0.1815646E-03  -0.1361414E-04   0.6652527E-06   0.5209143E-02   0.9190255E-02   0.8400095E-02   0.1413227E-03  -0.4100876E-04   0.3774856E-01  -0.4853761E-03   0.4853757E-03   0.5455736E-04
   0.9676610E-04  -0.2602206E-03  -0.2080753E-04  -0.6760320E-03   0.1145386E-02   0.2472056E-02  -0.1786344E-01  -0.1728456E-02  -0.1674144E-03  -0.2057569E+01  -0.5135875E-01   0.1543554E+01   0.4580582E+00  -0.4756715E+00  -0.5115391E-01   0.4542552E-02  -0.3579618E-02   0.7770749E-03   0.5418203E-05   0.6084998E-04   0.1173647E-01   0.1725862E-01   0.2120098E-01   0.8832043E-03   0.6865361E-03   0.1463633E+00  -0.1489985E-02   0.1489984E-02   0.1893129E-02
   0.2965948E-04  -0.2910203E-03   0.1923575E-04  -0.4128218E-03   0.2694011E-03   0.1002536E-02  -0.1102139E-01  -0.1196187E-02   0.1519211E-03  -0.9452852E+00   0.9727278E-02   0.4580582E+00   0.3393466E+00  -0.2514728E+00  -0.1464746E-01   0.4062343E-02  -0.2225310E-02   0.1499772E-02  -0.3422835E-05   0.3465430E-04   0.9100698E-02   0.6732311E-02   0.2011369E-01   0.4890025E-03  -0.4369739E-03   0.1284970E+00  -0.1600922E-02   0.1600922E-02   0.1157291E-02
  -0.2164906E-04   0.1225550E-03  -0.3410655E-05   0.3280947E-03  -0.3142436E-03  -0.9529776E-03   0.7460014E-02   0.8509406E-03  -0.4913722E-04   0.8481321E+00   0.9971600E-02  -0.4756715E+00  -0.2514728E+00   0.2290398E+00   0.1392050E-01  -0.2862090E-02   0.1377233E-02  -0.1285543E-02  -0.1172505E-05  -0.3405363E-04  -0.4391766E-02  -0.5230850E-02  -0.1301057E-01  -0.3788845E-03  -0.1730052E-04  -0.5762204E-01   0.6761321E-03  -0.6761324E-03  -0.8038213E-03
  -0.3874409E-05   0.1209205E-04   0.1256212E-05   0.2098905E-04  -0.3989399E-04  -0.5242015E-04   0.6492389E-03   0.6176679E-04  -0.5279841E-05   0.4299711E-01   0.5260043E-02  -0.5115391E-01  -0.1464746E-01   0.1392050E-01   0.2170037E-02  -0.1204658E-03   0.1066708E-03  -0.6398580E-05  -0.6322229E-06  -0.1289257E-05  -0.3526543E-03  -0.1233687E-03  -0.3786574E-03  -0.2263133E-04  -0.4059179E-05  -0.6403625E-02   0.6813729E-04  -0.6813727E-04  -0.6773950E-04
   0.3019244E-06  -0.4204259E-05   0.3703449E-06  -0.5056658E-05   0.2218784E-05   0.1302657E-04  -0.1362614E-03  -0.1459880E-04   0.1005416E-05  -0.1224869E-01   0.5510792E-03   0.4542552E-02   0.4062343E-02  -0.2862090E-02  -0.1204658E-03   0.5338867E-04  -0.3046209E-04   0.1844187E-04  -0.1078978E-06   0.4126560E-06   0.1379667E-03   0.1274923E-03   0.2812338E-03   0.6388994E-05  -0.6199308E-05   0.1796753E-02  -0.2289632E-04   0.2289634E-04   0.1427660E-04
  -0.3852820E-06   0.3799631E-05  -0.3377536E-06   0.2569394E-05  -0.1704826E-05  -0.1088190E-04   0.9797986E-04   0.8487419E-05   0.7912198E-06   0.1022599E-01  -0.8768679E-03  -0.3579618E-02  -0.2225310E-02   0.1377233E-02   0.1066708E-03  -0.3046209E-04   0.2869699E-04  -0.1425215E-05   0.1730948E-06  -0.1397780E-06  -0.1445367E-03  -0.1612873E-03  -0.2130298E-03  -0.4955760E-05   0.3552841E-05  -0.1711374E-02   0.2108558E-04  -0.2108559E-04  -0.9952902E-05
  -0.8948876E-07  -0.1539411E-06   0.4172821E-07  -0.1852774E-05   0.2736932E-06   0.2687433E-05  -0.2631085E-04  -0.4524657E-05   0.1346523E-05  -0.2549719E-02  -0.1815646E-03   0.7770749E-03   0.1499772E-02  -0.1285543E-02  -0.6398580E-05   0.1844187E-04  -0.1425215E-05   0.1476476E-04   0.3871937E-07   0.2350060E-06  -0.6627739E-05  -0.1954996E-04   0.6412544E-04   0.1300598E-05  -0.1328582E-05   0.6553757E-06  -0.6012096E-06   0.6012111E-06   0.3043708E-05
  -0.7832034E-09   0.2046773E-07  -0.3832739E-08  -0.1028028E-08   0.1399173E-07  -0.6760360E-07   0.2285696E-06   0.6678188E-08   0.1997864E-07   0.6899631E-04  -0.1361414E-04   0.5418203E-05  -0.3422835E-05  -0.1172505E-05  -0.6322229E-06  -0.1078978E-06   0.1730948E-06   0.3871937E-07   0.2346548E-08   0.2413473E-09  -0.1027076E-05  -0.1578194E-05  -0.1497026E-05  -0.2575220E-07   0.1413649E-07  -0.9127481E-05   0.1161441E-06  -0.1161430E-06  -0.2086004E-07
   0.1226618E-08  -0.1534968E-08   0.2638526E-09  -0.5004595E-07   0.4284228E-07   0.1514239E-06  -0.8126922E-06  -0.1071949E-06  -0.1905364E-08  -0.1402524E-03   0.6652527E-06   0.6084998E-04   0.3465430E-04  -0.3405363E-04  -0.1289257E-05   0.4126560E-06  -0.1397780E-06   0.2350060E-06   0.2413473E-09   0.6290211E-08   0.2554426E-06   0.7087717E-06   0.1870842E-05   0.5322143E-07   0.1936612E-07   0.1198476E-05  -0.1006634E-07   0.1006567E-07   0.9077036E-07
   0.1759052E-05  -0.2127207E-04   0.2021928E-05  -0.9767307E-05   0.3228508E-05   0.4489511E-04  -0.4575726E-03  -0.3716956E-04  -0.4558914E-05  -0.4328046E-01   0.5209143E-02   0.1173647E-01   0.9100698E-02  -0.4391766E-02  -0.3526543E-03   0.1379667E-03  -0.1445367E-03  -0.6627739E-05  -0.1027076E-05   0.2554426E-06   0.7897138E-03   0.8504929E-03   0.1037180E-02   0.2238367E-04  -0.2480010E-04   0.9392808E-02  -0.1175244E-03   0.1175244E-03   0.4594126E-04
   0.1601000E-05  -0.1626584E-04   0.2292051E-05  -0.8097910E-05   0.5910461E-05   0.8417877E-04  -0.3553720E-03  -0.2339194E-04  -0.2237863E-04  -0.7568506E-01   0.9190255E-02   0.1725862E-01   0.6732311E-02  -0.5230850E-02  -0.1233687E-03   0.1274923E-03  -0.1612873E-03  -0.1954996E-04  -0.1578194E-05   0.7087717E-06   0.8504929E-03   0.1468260E-02   0.1255481E-02   0.2948680E-04   0.1055490E-04   0.7531296E-02  -0.9136558E-04   0.9136552E-04   0.3592380E-04
   0.1881921E-05  -0.2582008E-04   0.3173211E-05  -0.2227020E-04   0.6737197E-05   0.9484671E-04  -0.7044300E-03  -0.6740463E-04  -0.4441407E-05  -0.9206614E-01   0.8400095E-02   0.2120098E-01   0.2011369E-01  -0.1301057E-01  -0.3786574E-03   0.2812338E-03  -0.2130298E-03   0.6412544E-04  -0.1497026E-05   0.1870842E-05   0.1037180E-02   0.1255481E-02   0.1938133E-02   0.4112481E-04  -0.2918491E-04   0.1144974E-01  -0.1441366E-03   0.1441365E-03   0.7241502E-04
   0.6422078E-07  -0.5353413E-06   0.4958202E-07  -0.6150128E-06   0.4993370E-06   0.2555588E-05  -0.1802726E-04  -0.1718477E-05  -0.2007758E-06  -0.2340049E-02   0.1413227E-03   0.8832043E-03   0.4890025E-03  -0.3788845E-03  -0.2263133E-04   0.6388994E-05  -0.4955760E-05   0.1300598E-05  -0.2575220E-07   0.5322143E-07   0.2238367E-04   0.2948680E-04   0.4112481E-04   0.1025225E-05  -0.1990503E-06   0.2469176E-03  -0.2991768E-05   0.2991766E-05   0.1872894E-05
  -0.1836356E-07   0.1063697E-05  -0.9481937E-07   0.3700475E-06   0.6334006E-06   0.1656693E-05   0.1851994E-04   0.1933346E-05  -0.1100597E-05  -0.7533668E-03  -0.4100876E-04   0.6865361E-03  -0.4369739E-03  -0.1730052E-04  -0.4059179E-05  -0.6199308E-05   0.3552841E-05  -0.1328582E-05   0.1413649E-07   0.1936612E-07  -0.2480010E-04   0.1055490E-04  -0.2918491E-04  -0.1990503E-06   0.4349732E-05  -0.4315940E-03   0.5819323E-05  -0.5819320E-05  -0.1828845E-05
   0.2393437E-04  -0.2925835E-03   0.2205191E-04  -0.1380692E-03   0.4624702E-04   0.3788784E-03  -0.6440624E-02  -0.5558445E-03   0.2898528E-04  -0.3602902E+00   0.3774856E-01   0.1463633E+00   0.1284970E+00  -0.5762204E-01  -0.6403625E-02   0.1796753E-02  -0.1711374E-02   0.6553757E-06  -0.9127481E-05   0.1198476E-05   0.9392808E-02   0.7531296E-02   0.1144974E-01   0.2469176E-03  -0.4315940E-03   0.1318217E+00  -0.1660721E-02   0.1660720E-02   0.6660849E-03
  -0.2749989E-06   0.3723759E-05  -0.2917018E-06   0.1693707E-05  -0.2824554E-06  -0.4279201E-05   0.7953464E-04   0.6939277E-05  -0.4786699E-06   0.4117235E-02  -0.4853761E-03  -0.1489985E-02  -0.1600922E-02   0.6761321E-03   0.6813729E-04  -0.2289632E-04   0.2108558E-04  -0.6012096E-06   0.1161441E-06  -0.1006634E-07  -0.1175244E-03  -0.9136558E-04  -0.1441366E-03  -0.2991768E-05   0.5819323E-05  -0.1660721E-02   0.2107799E-04  -0.2107800E-04  -0.8219915E-05
   0.2749990E-06  -0.3723758E-05   0.2917015E-06  -0.1693705E-05   0.2824559E-06   0.4279198E-05  -0.7953468E-04  -0.6939274E-05   0.4786705E-06  -0.4117232E-02   0.4853757E-03   0.1489984E-02   0.1600922E-02  -0.6761324E-03  -0.6813727E-04   0.2289634E-04  -0.2108559E-04   0.6012111E-06  -0.1161430E-06   0.1006567E-07   0.1175244E-03   0.9136552E-04   0.1441365E-03   0.2991766E-05  -0.5819320E-05   0.1660720E-02  -0.2107800E-04   0.2107798E-04   0.8219913E-05
   0.1621990E-06  -0.1463538E-05   0.7699728E-07  -0.1485135E-05   0.1155856E-05   0.3594035E-05  -0.4632225E-04  -0.4574385E-05   0.3142158E-06  -0.3217834E-02   0.5455736E-04   0.1893129E-02   0.1157291E-02  -0.8038213E-03  -0.6773950E-04   0.1427660E-04  -0.9952902E-05   0.3043708E-05  -0.2086004E-07   0.9077036E-07   0.4594126E-04   0.3592380E-04   0.7241502E-04   0.1872894E-05  -0.1828845E-05   0.6660849E-03  -0.8219915E-05   0.8219913E-05   0.4922865E-05
