 ombh2 omch2 theta de_Q de_n_tracking de_dUdphi alpha_JLA beta_JLA H0 omegam omegal epss
   0.5196635E-07  -0.1323512E-06   0.5503082E-07   0.7855514E-05   0.3564971E-05  -0.2954514E-04   0.1407180E-06  -0.8099825E-06   0.5388003E-04  -0.2806128E-06   0.2806126E-06   0.6176405E-05
  -0.1323512E-06   0.2040048E-05  -0.1333401E-06  -0.1748871E-04  -0.1430199E-04   0.8711378E-04  -0.1716596E-05   0.9789821E-05  -0.6735794E-03   0.9130657E-05  -0.9130660E-05  -0.1934145E-04
   0.5503082E-07  -0.1333401E-06   0.2597611E-06   0.2081683E-04   0.8996344E-05  -0.6597453E-04   0.3159257E-06  -0.7494832E-06   0.7391574E-04   0.2080672E-07  -0.2080612E-07   0.1442943E-04
   0.7855514E-05  -0.1748871E-04   0.2081683E-04   0.3271268E-02   0.1269555E-02  -0.9503214E-02   0.2398060E-04  -0.4391943E-04   0.4379666E-02   0.6745807E-04  -0.6745791E-04   0.2043608E-02
   0.3564971E-05  -0.1430199E-04   0.8996344E-05   0.1269555E-02   0.8232439E-03  -0.5102200E-02   0.1291748E-04  -0.1641030E-03   0.3350789E-02  -0.5732198E-07   0.5731527E-07   0.1057488E-02
  -0.2954514E-04   0.8711378E-04  -0.6597453E-04  -0.9503214E-02  -0.5102200E-02   0.4843789E-01  -0.5854873E-05  -0.1584722E-03  -0.1262201E-02  -0.3323994E-03   0.3323987E-03  -0.1043852E-01
   0.1407180E-06  -0.1716596E-05   0.3159257E-06   0.2398060E-04   0.1291748E-04  -0.5854873E-05   0.3767735E-04  -0.8239791E-04   0.6946042E-03  -0.8504348E-05   0.8504355E-05  -0.1107727E-05
  -0.8099825E-06   0.9789821E-05  -0.7494832E-06  -0.4391943E-04  -0.1641030E-03  -0.1584722E-03  -0.8239791E-04   0.4528172E-02  -0.5549572E-02   0.7790770E-04  -0.7790765E-04   0.1002549E-03
   0.5388003E-04  -0.6735794E-03   0.7391574E-04   0.4379666E-02   0.3350789E-02  -0.1262201E-02   0.6946042E-03  -0.5549572E-02   0.3677020E+00  -0.4881297E-02   0.4881298E-02  -0.8025319E-03
  -0.2806128E-06   0.9130657E-05   0.2080672E-07   0.6745807E-04  -0.5732198E-07  -0.3323994E-03  -0.8504348E-05   0.7790770E-04  -0.4881297E-02   0.7186345E-04  -0.7186342E-04   0.8484031E-04
   0.2806126E-06  -0.9130660E-05  -0.2080612E-07  -0.6745791E-04   0.5731527E-07   0.3323987E-03   0.8504355E-05  -0.7790765E-04   0.4881298E-02  -0.7186342E-04   0.7186339E-04  -0.8484007E-04
   0.6176405E-05  -0.1934145E-04   0.1442943E-04   0.2043608E-02   0.1057488E-02  -0.1043852E-01  -0.1107727E-05   0.1002549E-03  -0.8025319E-03   0.8484031E-04  -0.8484007E-04   0.2416278E-02
