 ombh2 omch2 theta tau de_Q de_n_tracking de_dUdphi logA ns A_ps_100 A_ps_143 A_ps_217 A_cib_143 A_cib_217 A_sz r_ps r_cib n_Dl_cib cal_100 cal_217 xi_sz_cib A_ksz Bm_1_1 alpha_JLA beta_JLA H0 omegam omegal epss
   0.6678542E-07  -0.3411827E-06   0.4779979E-07   0.6027574E-06  -0.3595059E-06   0.4437372E-06   0.4667922E-06   0.4560610E-06   0.9855132E-06  -0.3471487E-02  -0.9343289E-03  -0.2129427E-03  -0.5470033E-04  -0.2629453E-03   0.6572227E-04   0.1289960E-05  -0.2731774E-05  -0.1905602E-05   0.2502865E-08  -0.2974037E-07  -0.1333165E-05   0.2285253E-04  -0.2730566E-04  -0.1562220E-06   0.1560763E-05   0.1884989E-03  -0.2292045E-05   0.2292048E-05  -0.1201237E-06
  -0.3411827E-06   0.4722066E-05  -0.2828033E-06  -0.5157005E-05  -0.7079435E-06   0.1912943E-05   0.4531154E-04   0.1595859E-06  -0.1056960E-04   0.3534647E-01   0.4260221E-02  -0.7736878E-03   0.1986192E-02   0.2990386E-02   0.6265615E-04  -0.3342200E-05   0.7131144E-04  -0.1033206E-04  -0.1432393E-06   0.2696460E-06   0.4493516E-06  -0.1255630E-02   0.2168426E-03   0.2335813E-06  -0.1290332E-04  -0.1965456E-02   0.2675868E-04  -0.2675865E-04  -0.4097299E-05
   0.4779979E-07  -0.2828033E-06   0.2390214E-06   0.7963123E-06   0.3387535E-06   0.1917115E-05   0.1388426E-04   0.9570072E-06   0.1142078E-05  -0.2185272E-02  -0.5148849E-03   0.1757858E-03   0.1248090E-03  -0.2582367E-03   0.3134915E-05   0.4765239E-06  -0.5363275E-05  -0.3088510E-05   0.7681607E-08  -0.4784416E-07  -0.5355858E-05  -0.5246772E-04  -0.4208069E-04  -0.1129125E-06   0.1306999E-05   0.2353544E-03  -0.2631479E-05   0.2631479E-05  -0.3035469E-05
   0.6027574E-06  -0.5157005E-05   0.7963123E-06   0.1906257E-04  -0.9808476E-05  -0.3000529E-04   0.6756338E-04   0.2240245E-04   0.1668650E-04  -0.5326359E-01  -0.1870969E-01  -0.6806933E-02   0.2811327E-02  -0.1001900E-02   0.1387436E-02   0.1500111E-04  -0.3206316E-04  -0.3703048E-04   0.9791239E-07  -0.5783883E-06  -0.6900311E-04   0.2146263E-03  -0.6714449E-03   0.6792850E-06   0.1292025E-04   0.2733260E-02  -0.3448617E-04   0.3448615E-04  -0.2788186E-04
  -0.3595059E-06  -0.7079435E-06   0.3387535E-06  -0.9808476E-05   0.1450773E-03   0.1406665E-03   0.9762236E-03  -0.1496034E-04  -0.1886122E-05   0.8152954E-01  -0.1430099E-01  -0.1220979E-01   0.2817333E-02   0.5206751E-02  -0.4500032E-02   0.4798068E-04  -0.2929234E-03   0.2229740E-03   0.1290670E-06   0.1167060E-05  -0.3896135E-03   0.4160689E-02   0.1193176E-02   0.1259667E-04  -0.1635980E-04   0.1101687E-02  -0.1104115E-04   0.1104116E-04  -0.1880428E-03
   0.4437372E-06   0.1912943E-05   0.1917115E-05  -0.3000529E-04   0.1406665E-03   0.3882349E-03   0.1099268E-02  -0.4354844E-04   0.1161585E-04   0.3685196E-02   0.3319200E-02   0.2294310E-01  -0.1528716E-01  -0.1365545E-01  -0.3922378E-02   0.1639901E-04  -0.3073647E-03   0.9737736E-04  -0.4240419E-06   0.4757401E-06  -0.3487945E-03  -0.1854600E-02   0.1008153E-02   0.9643692E-05   0.4750465E-04   0.1306313E-02  -0.6379559E-05   0.6379593E-05  -0.1720374E-03
   0.4667922E-06   0.4531154E-04   0.1388426E-04   0.6756338E-04   0.9762236E-03   0.1099268E-02   0.1995675E-01   0.3282025E-03  -0.1487242E-03   0.8370486E+00  -0.2740382E+00  -0.2137079E+00   0.1567899E+00   0.1349627E+00  -0.3481749E-01   0.1629634E-02  -0.2478492E-02   0.1481437E-02  -0.4885879E-05   0.6629542E-05  -0.4232119E-02  -0.3716708E-01   0.6143475E-02   0.7629744E-04   0.1163786E-03   0.1557235E-01  -0.5809398E-04   0.5809410E-04  -0.4144507E-02
   0.4560610E-06   0.1595859E-06   0.9570072E-06   0.2240245E-04  -0.1496034E-04  -0.4354844E-04   0.3282025E-03   0.4265993E-04   0.6951577E-05  -0.1648443E-01  -0.2382375E-01  -0.1056155E-01   0.8117961E-02   0.3819898E-02   0.1906860E-02   0.5223038E-04   0.3224271E-05  -0.3263250E-04  -0.2099722E-06  -0.1918852E-06  -0.1434106E-03  -0.3164458E-02  -0.3511337E-03   0.1380979E-05  -0.2110479E-04   0.1214192E-02  -0.1051282E-04   0.1051282E-04  -0.8109515E-04
   0.9855132E-06  -0.1056960E-04   0.1142078E-05   0.1668650E-04  -0.1886122E-05   0.1161585E-04  -0.1487242E-03   0.6951577E-05   0.3992633E-04  -0.1057000E+00  -0.1062337E-01   0.5239582E-02  -0.7872386E-02  -0.9607040E-02   0.4484537E-03   0.1344435E-04  -0.1959439E-03   0.3497001E-04   0.2741521E-06  -0.4140505E-06  -0.1737552E-04   0.3908489E-03  -0.5600082E-03  -0.9096930E-06   0.4406055E-04   0.4670938E-02  -0.6185634E-04   0.6185633E-04   0.2051058E-04
  -0.3471487E-02   0.3534647E-01  -0.2185272E-02  -0.5326359E-01   0.8152954E-01   0.3685196E-02   0.8370486E+00  -0.1648443E-01  -0.1057000E+00   0.3221308E+04   0.1870564E+03  -0.2211026E+03   0.4864428E+02   0.1742592E+03  -0.5665979E+02  -0.1952022E-01  -0.1714135E-01   0.1612217E+01  -0.1464823E-02   0.3810621E-02  -0.7175627E+00  -0.3722410E+02   0.1592279E+02  -0.1182971E-01  -0.3846911E+00  -0.1493306E+02   0.1962964E+00  -0.1962962E+00  -0.1582330E+00
  -0.9343289E-03   0.4260221E-02  -0.5148849E-03  -0.1870969E-01  -0.1430099E-01   0.3319200E-02  -0.2740382E+00  -0.2382375E-01  -0.1062337E-01   0.1870564E+03   0.1978152E+03   0.2087930E+02  -0.3339393E+02   0.6048817E+01  -0.1223615E+02  -0.1685171E+00   0.8462120E-01   0.1703702E+00   0.4975742E-04   0.1618076E-02   0.1743565E+01  -0.9088837E+01   0.5628501E+00  -0.2431449E-03  -0.6856430E-01  -0.2782165E+01   0.3257500E-01  -0.3257496E-01   0.5852194E-01
  -0.2129427E-03  -0.7736878E-03   0.1757858E-03  -0.6806933E-02  -0.1220979E-01   0.2294310E-01  -0.2137079E+00  -0.1056155E-01   0.5239582E-02  -0.2211026E+03   0.2087930E+02   0.2430356E+03  -0.3150329E+02  -0.1081657E+03   0.1276836E+02  -0.7071694E-01  -0.5100226E+00  -0.7972997E+00   0.4163044E-03  -0.5818294E-02   0.5336177E+00   0.8250728E+00   0.9648867E+00   0.4621368E-02   0.1017623E+00  -0.2182282E+00   0.1000859E-02  -0.1000859E-02   0.5369808E-01
  -0.5470033E-04   0.1986192E-02   0.1248090E-03   0.2811327E-02   0.2817333E-02  -0.1528716E-01   0.1567899E+00   0.8117961E-02  -0.7872386E-02   0.4864428E+02  -0.3339393E+02  -0.3150329E+02   0.2749734E+02   0.1926170E+02   0.4794994E-01   0.6070755E-01   0.7388526E-01   0.1047729E+00  -0.1865988E-03  -0.4445181E-03  -0.5578618E-03  -0.2866685E+01  -0.2230885E+00   0.3437142E-02  -0.1043679E-01  -0.4775870E+00   0.7524283E-02  -0.7524293E-02  -0.3121812E-01
  -0.2629453E-03   0.2990386E-02  -0.2582367E-03  -0.1001900E-02   0.5206751E-02  -0.1365545E-01   0.1349627E+00   0.3819898E-02  -0.9607040E-02   0.1742592E+03   0.6048817E+01  -0.1081657E+03   0.1926170E+02   0.6192392E+02  -0.7316215E+01   0.8078577E-01   0.2308221E+00   0.5499561E+00  -0.3480613E-03   0.2965596E-02  -0.3369232E+00  -0.7128054E+01  -0.1800057E+00  -0.3177849E-04  -0.8213706E-01  -0.1102193E+01   0.1491828E-01  -0.1491832E-01  -0.3330630E-01
   0.6572227E-04   0.6265615E-04   0.3134915E-05   0.1387436E-02  -0.4500032E-02  -0.3922378E-02  -0.3481749E-01   0.1906860E-02   0.4484537E-03  -0.5665979E+02  -0.1223615E+02   0.1276836E+02   0.4794994E-01  -0.7316215E+01   0.6640819E+01  -0.2630159E-02   0.1591128E+00  -0.1106346E+00   0.1218297E-04  -0.1681296E-03   0.3327302E-01   0.3973764E+00   0.1705324E+00   0.6931845E-03   0.1575634E-01  -0.2497109E-01   0.5971701E-03  -0.5971727E-03   0.1099330E-01
   0.1289960E-05  -0.3342200E-05   0.4765239E-06   0.1500111E-04   0.4798068E-04   0.1639901E-04   0.1629634E-02   0.5223038E-04   0.1344435E-04  -0.1952022E-01  -0.1685171E+00  -0.7071694E-01   0.6070755E-01   0.8078577E-01  -0.2630159E-02   0.5422353E-02  -0.4161021E-02   0.3398560E-02  -0.2944925E-05  -0.2216208E-05   0.9454096E-03  -0.1165922E-01   0.4532347E-02   0.2511410E-04  -0.2098075E-03   0.4981420E-02  -0.4802368E-04   0.4802366E-04  -0.3382767E-03
  -0.2731774E-05   0.7131144E-04  -0.5363275E-05  -0.3206316E-04  -0.2929234E-03  -0.3073647E-03  -0.2478492E-02   0.3224271E-05  -0.1959439E-03  -0.1714135E-01   0.8462120E-01  -0.5100226E+00   0.7388526E-01   0.2308221E+00   0.1591128E+00  -0.4161021E-02   0.1689021E-01  -0.5707362E-02  -0.3018748E-05   0.3184932E-04   0.5593673E-02  -0.5514052E-01  -0.3865282E-02  -0.3498489E-04   0.2492599E-03  -0.3234028E-01   0.4199517E-03  -0.4199518E-03   0.6651053E-03
  -0.1905602E-05  -0.1033206E-04  -0.3088510E-05  -0.3703048E-04   0.2229740E-03   0.9737736E-04   0.1481437E-02  -0.3263250E-04   0.3497001E-04   0.1612217E+01   0.1703702E+00  -0.7972997E+00   0.1047729E+00   0.5499561E+00  -0.1106346E+00   0.3398560E-02  -0.5707362E-02   0.1248054E-01  -0.3486655E-05   0.1623553E-04  -0.2412928E-02  -0.4356749E-01   0.9791833E-02   0.1648477E-04  -0.1280418E-02   0.3502853E-02  -0.5013580E-04   0.5013566E-04  -0.3874672E-03
   0.2502865E-08  -0.1432393E-06   0.7681607E-08   0.9791239E-07   0.1290670E-06  -0.4240419E-06  -0.4885879E-05  -0.2099722E-06   0.2741521E-06  -0.1464823E-02   0.4975742E-04   0.4163044E-03  -0.1865988E-03  -0.3480613E-03   0.1218297E-04  -0.2944925E-05  -0.3018748E-05  -0.3486655E-05   0.1699214E-06   0.4871147E-08  -0.3699046E-05   0.1279405E-03  -0.3908479E-04  -0.1177574E-06  -0.6989230E-06   0.4762925E-04  -0.6784179E-06   0.6784192E-06   0.6942763E-06
  -0.2974037E-07   0.2696460E-06  -0.4784416E-07  -0.5783883E-06   0.1167060E-05   0.4757401E-06   0.6629542E-05  -0.1918852E-06  -0.4140505E-06   0.3810621E-02   0.1618076E-02  -0.5818294E-02  -0.4445181E-03   0.2965596E-02  -0.1681296E-03  -0.2216208E-05   0.3184932E-04   0.1623553E-04   0.4871147E-08   0.1762215E-05  -0.1278981E-04  -0.1271225E-03   0.1042667E-03   0.6251933E-06  -0.6987372E-05  -0.1265012E-03   0.1637846E-05  -0.1637844E-05  -0.8878488E-06
  -0.1333165E-05   0.4493516E-06  -0.5355858E-05  -0.6900311E-04  -0.3896135E-03  -0.3487945E-03  -0.4232119E-02  -0.1434106E-03  -0.1737552E-04  -0.7175627E+00   0.1743565E+01   0.5336177E+00  -0.5578618E-03  -0.3369232E+00   0.3327302E-01   0.9454096E-03   0.5593673E-02  -0.2412928E-02  -0.3699046E-05  -0.1278981E-04   0.7899979E-01   0.1247523E+00   0.1399595E-01   0.1333663E-03  -0.2648896E-03  -0.9201726E-02   0.7795700E-04  -0.7795732E-04   0.1290348E-02
   0.2285253E-04  -0.1255630E-02  -0.5246772E-04   0.2146263E-03   0.4160689E-02  -0.1854600E-02  -0.3716708E-01  -0.3164458E-02   0.3908489E-03  -0.3722410E+02  -0.9088837E+01   0.8250728E+00  -0.2866685E+01  -0.7128054E+01   0.3973764E+00  -0.1165922E-01  -0.5514052E-01  -0.4356749E-01   0.1279405E-03  -0.1271225E-03   0.1247523E+00   0.7432987E+01   0.6080209E-01  -0.6615092E-03   0.1339605E-01   0.3786578E+00  -0.5573771E-02   0.5573753E-02   0.7891852E-02
  -0.2730566E-04   0.2168426E-03  -0.4208069E-04  -0.6714449E-03   0.1193176E-02   0.1008153E-02   0.6143475E-02  -0.3511337E-03  -0.5600082E-03   0.1592279E+02   0.5628501E+00   0.9648867E+00  -0.2230885E+00  -0.1800057E+00   0.1705324E+00   0.4532347E-02  -0.3865282E-02   0.9791833E-02  -0.3908479E-04   0.1042667E-03   0.1399595E-01   0.6080209E-01   0.2989796E+00   0.2239662E-03  -0.2404145E-02  -0.1083772E+00   0.1388306E-02  -0.1388305E-02  -0.5133232E-03
  -0.1562220E-06   0.2335813E-06  -0.1129125E-06   0.6792850E-06   0.1259667E-04   0.9643692E-05   0.7629744E-04   0.1380979E-05  -0.9096930E-06  -0.1182971E-01  -0.2431449E-03   0.4621368E-02   0.3437142E-02  -0.3177849E-04   0.6931845E-03   0.2511410E-04  -0.3498489E-04   0.1648477E-04  -0.1177574E-06   0.6251933E-06   0.1333663E-03  -0.6615092E-03   0.2239662E-03   0.4659359E-04  -0.5538088E-04  -0.1637300E-03   0.1763220E-05  -0.1763218E-05  -0.1411062E-04
   0.1560763E-05  -0.1290332E-04   0.1306999E-05   0.1292025E-04  -0.1635980E-04   0.4750465E-04   0.1163786E-03  -0.2110479E-04   0.4406055E-04  -0.3846911E+00  -0.6856430E-01   0.1017623E+00  -0.1043679E-01  -0.8213706E-01   0.1575634E-01  -0.2098075E-03   0.2492599E-03  -0.1280418E-02  -0.6989230E-06  -0.6987372E-05  -0.2648896E-03   0.1339605E-01  -0.2404145E-02  -0.5538088E-04   0.5843043E-02   0.6459973E-02  -0.8296747E-04   0.8296734E-04  -0.7343016E-04
   0.1884989E-03  -0.1965456E-02   0.2353544E-03   0.2733260E-02   0.1101687E-02   0.1306313E-02   0.1557235E-01   0.1214192E-02   0.4670938E-02  -0.1493306E+02  -0.2782165E+01  -0.2182282E+00  -0.4775870E+00  -0.1102193E+01  -0.2497109E-01   0.4981420E-02  -0.3234028E-01   0.3502853E-02   0.4762925E-04  -0.1265012E-03  -0.9201726E-02   0.3786578E+00  -0.1083772E+00  -0.1637300E-03   0.6459973E-02   0.9984714E+00  -0.1296175E-01   0.1296175E-01  -0.5472781E-02
  -0.2292045E-05   0.2675868E-04  -0.2631479E-05  -0.3448617E-04  -0.1104115E-04  -0.6379559E-05  -0.5809398E-04  -0.1051282E-04  -0.6185634E-04   0.1962964E+00   0.3257500E-01   0.1000859E-02   0.7524283E-02   0.1491828E-01   0.5971701E-03  -0.4802368E-04   0.4199517E-03  -0.5013580E-04  -0.6784179E-06   0.1637846E-05   0.7795700E-04  -0.5573771E-02   0.1388306E-02   0.1763220E-05  -0.8296747E-04  -0.1296175E-01   0.1714518E-03  -0.1714519E-03   0.4147777E-04
   0.2292048E-05  -0.2675865E-04   0.2631479E-05   0.3448615E-04   0.1104116E-04   0.6379593E-05   0.5809410E-04   0.1051282E-04   0.6185633E-04  -0.1962962E+00  -0.3257496E-01  -0.1000859E-02  -0.7524293E-02  -0.1491832E-01  -0.5971727E-03   0.4802366E-04  -0.4199518E-03   0.5013566E-04   0.6784192E-06  -0.1637844E-05  -0.7795732E-04   0.5573753E-02  -0.1388305E-02  -0.1763218E-05   0.8296734E-04   0.1296175E-01  -0.1714519E-03   0.1714518E-03  -0.4147777E-04
  -0.1201237E-06  -0.4097299E-05  -0.3035469E-05  -0.2788186E-04  -0.1880428E-03  -0.1720374E-03  -0.4144507E-02  -0.8109515E-04   0.2051058E-04  -0.1582330E+00   0.5852194E-01   0.5369808E-01  -0.3121812E-01  -0.3330630E-01   0.1099330E-01  -0.3382767E-03   0.6651053E-03  -0.3874672E-03   0.6942763E-06  -0.8878488E-06   0.1290348E-02   0.7891852E-02  -0.5133232E-03  -0.1411062E-04  -0.7343016E-04  -0.5472781E-02   0.4147777E-04  -0.4147777E-04   0.1016713E-02
