 ombh2 omch2 theta tau de_Q de_n_tracking de_dUdphi logA ns A_ps_100 A_ps_143 A_ps_217 A_cib_143 A_cib_217 A_sz r_ps r_cib n_Dl_cib cal_100 cal_217 xi_sz_cib A_ksz Bm_1_1 alpha_JLA beta_JLA H0 omegam omegal epss
   0.4855341E-07  -0.2008291E-06   0.3425643E-07   0.1379864E-06  -0.2379864E-06  -0.2867777E-06  -0.3074362E-05  -0.4082700E-07   0.4076722E-06   0.1328838E-02   0.9790972E-04  -0.2039959E-03  -0.7065162E-04  -0.9409869E-04   0.2494191E-04   0.9335022E-06   0.2454841E-05  -0.9439954E-06  -0.1876078E-08  -0.1950412E-07   0.1305916E-04   0.2170051E-04   0.1956301E-04  -0.2940938E-06   0.4998556E-07   0.1166248E-03  -0.1444007E-05   0.1444007E-05   0.4435966E-06
  -0.2008291E-06   0.3623402E-05  -0.1048928E-06  -0.3100340E-05   0.8202852E-06   0.2875185E-05   0.3007448E-04   0.2365992E-05  -0.5840405E-05  -0.9896667E-02  -0.2627700E-02   0.1957899E-02   0.3221629E-03  -0.3899011E-03   0.1931406E-03   0.1672641E-04  -0.4811399E-04   0.3701592E-04   0.4808842E-07  -0.2711059E-06  -0.3638231E-04   0.1178936E-03  -0.1619289E-04   0.1064670E-05   0.8588420E-05  -0.1423361E-02   0.2101227E-04  -0.2101226E-04  -0.4679692E-05
   0.3425643E-07  -0.1048928E-06   0.6739447E-07   0.2029773E-06  -0.4693599E-06  -0.6471223E-06  -0.5632784E-05   0.2814538E-06   0.2604891E-06   0.5716710E-03  -0.4194848E-03   0.1944206E-03  -0.3822763E-04  -0.2816202E-03   0.1005470E-03   0.8124775E-06   0.1929038E-05  -0.3083609E-05  -0.4055620E-08  -0.2827097E-07   0.3421426E-05   0.6569003E-04   0.1406100E-04  -0.2719072E-06  -0.3351830E-06   0.7945595E-04  -0.9082069E-06   0.9082064E-06   0.9097956E-06
   0.1379864E-06  -0.3100340E-05   0.2029773E-06   0.8782417E-05   0.6459996E-06  -0.2740016E-05  -0.2389621E-04   0.5972329E-05   0.9208314E-05   0.2278660E-02  -0.1783761E-02   0.2436557E-02   0.1609218E-02  -0.2708462E-02   0.1286090E-02  -0.3641887E-05   0.3634717E-04  -0.5321325E-04  -0.3916929E-06  -0.6981581E-06   0.8736741E-04   0.1798795E-03   0.6321782E-04   0.5148984E-05  -0.8637814E-05   0.1221357E-02  -0.1825067E-04   0.1825067E-04   0.5077097E-05
  -0.2379864E-06   0.8202852E-06  -0.4693599E-06   0.6459996E-06   0.1262920E-04   0.1101804E-04   0.1111051E-03   0.2357043E-05  -0.2142636E-05   0.1084640E-01   0.6677610E-03   0.5873804E-02   0.5049474E-03  -0.8741826E-04   0.1797923E-04   0.5584917E-04  -0.6695627E-04   0.4735775E-04  -0.2895263E-06   0.1194459E-06   0.7472609E-04  -0.1293386E-02   0.1788137E-03   0.8447769E-05   0.4552936E-04  -0.5120878E-03   0.6274605E-05  -0.6274611E-05  -0.1771392E-04
  -0.2867777E-06   0.2875185E-05  -0.6471223E-06  -0.2740016E-05   0.1101804E-04   0.5876554E-04   0.1681721E-03   0.2420269E-05   0.2790912E-05  -0.1752821E-01   0.5087791E-02  -0.2938041E-02   0.5356200E-02   0.7088815E-02  -0.1906141E-02   0.1595676E-03  -0.2527077E-03   0.2552637E-03  -0.4250653E-06   0.1870683E-05   0.3084988E-03  -0.7345270E-03   0.4528427E-03   0.2265227E-04  -0.1665172E-04  -0.1276561E-02   0.1754252E-04  -0.1754252E-04  -0.3076920E-04
  -0.3074362E-05   0.3007448E-04  -0.5632784E-05  -0.2389621E-04   0.1111051E-03   0.1681721E-03   0.2857012E-02   0.3574802E-04  -0.9281211E-04   0.2952859E+00   0.4627997E-01   0.9296165E-01   0.6676749E-02  -0.1553884E-01   0.1294022E-01   0.6280289E-03  -0.5823217E-03   0.3890728E-03  -0.2544738E-05   0.3100876E-05   0.1423556E-02  -0.1912606E-01   0.6308910E-02   0.7006372E-04   0.6983891E-03  -0.1201977E-01   0.1758929E-03  -0.1758927E-03  -0.4750970E-03
  -0.4082700E-07   0.2365992E-05   0.2814538E-06   0.5972329E-05   0.2357043E-05   0.2420269E-05   0.3574802E-04   0.1455506E-04   0.2344003E-05  -0.1508002E-01  -0.9979910E-02   0.7352896E-02   0.3560794E-02  -0.4975142E-02   0.2570736E-02   0.6499125E-04  -0.7806441E-04   0.3210959E-04  -0.5576547E-06  -0.1319221E-05   0.1409161E-03   0.4054430E-03   0.3427429E-03   0.1124353E-04   0.2032760E-04  -0.7411003E-03   0.1201309E-04  -0.1201308E-04  -0.4039442E-05
   0.4076722E-06  -0.5840405E-05   0.2604891E-06   0.9208314E-05  -0.2142636E-05   0.2790912E-05  -0.9281211E-04   0.2344003E-05   0.2120551E-04  -0.1451044E-01  -0.7708330E-03  -0.1141244E-01   0.4089775E-02   0.2374183E-02  -0.3065447E-03   0.3620838E-04  -0.2383943E-04   0.2652884E-04  -0.5063380E-06   0.7733862E-06   0.2290449E-03   0.5651233E-03   0.2459294E-03   0.7063788E-05  -0.2497854E-04   0.2367166E-02  -0.3462560E-04   0.3462558E-04   0.1503430E-04
   0.1328838E-02  -0.9896667E-02   0.5716710E-03   0.2278660E-02   0.1084640E-01  -0.1752821E-01   0.2952859E+00  -0.1508002E-01  -0.1451044E-01   0.9830052E+03   0.6415266E+02   0.2764807E+02  -0.3498362E+02  -0.1368824E+02   0.4045306E+01   0.5212919E-02   0.7443656E+00  -0.6077778E+00   0.2629238E-03  -0.2638883E-03   0.2115403E+00  -0.2942040E+01   0.5015821E+01  -0.6065536E-01   0.2521372E+00   0.4997246E+01  -0.6765241E-01   0.6765240E-01  -0.5532376E-01
   0.9790972E-04  -0.2627700E-02  -0.4194848E-03  -0.1783761E-02   0.6677610E-03   0.5087791E-02   0.4627997E-01  -0.9979910E-02  -0.7708330E-03   0.6415266E+02   0.4202481E+02   0.8334092E+00  -0.6195684E+01   0.3391267E+01  -0.2450506E+01  -0.5396166E-01   0.1296325E+00  -0.4248427E-01   0.8246730E-03   0.6919687E-03   0.2007804E+00  -0.2839581E+01  -0.1778502E+00  -0.3854738E-02  -0.5166082E-01   0.8564128E+00  -0.1403056E-01   0.1403056E-01  -0.9041729E-02
  -0.2039959E-03   0.1957899E-02   0.1944206E-03   0.2436557E-02   0.5873804E-02  -0.2938041E-02   0.9296165E-01   0.7352896E-02  -0.1141244E-01   0.2764807E+02   0.8334092E+00   0.4524033E+02  -0.5398126E+01  -0.1270593E+02   0.3221698E+01  -0.1368520E-01   0.4448362E-01  -0.9322235E-01   0.3370036E-03  -0.1239931E-02  -0.1388483E+00  -0.1573043E+01  -0.4408019E-01   0.6681324E-02   0.3948670E-01  -0.8078157E+00   0.1194975E-01  -0.1194976E-01  -0.1406682E-01
  -0.7065162E-04   0.3221629E-03  -0.3822763E-04   0.1609218E-02   0.5049474E-03   0.5356200E-02   0.6676749E-02   0.3560794E-02   0.4089775E-02  -0.3498362E+02  -0.6195684E+01  -0.5398126E+01   0.8315157E+01   0.1551116E+01  -0.5482749E-01   0.4281731E-01  -0.9970189E-01   0.6572661E-01  -0.4066733E-03  -0.6802742E-03   0.1916458E+00   0.4240424E+00   0.1714737E+00   0.8765489E-02  -0.3194153E-02  -0.1409016E+00   0.1701528E-02  -0.1701528E-02  -0.4231760E-03
  -0.9409869E-04  -0.3899011E-03  -0.2816202E-03  -0.2708462E-02  -0.8741826E-04   0.7088815E-02  -0.1553884E-01  -0.4975142E-02   0.2374183E-02  -0.1368824E+02   0.3391267E+01  -0.1270593E+02   0.1551116E+01   0.8413686E+01  -0.2362811E+01   0.2353096E-01  -0.6457402E-01   0.1068345E+00   0.1093979E-03   0.1751047E-02  -0.3929954E-01  -0.4657492E-01  -0.1179495E+00   0.2361923E-02  -0.2685236E-01  -0.6490827E-02  -0.1016281E-02   0.1016283E-02   0.1836252E-02
   0.2494191E-04   0.1931406E-03   0.1005470E-03   0.1286090E-02   0.1797923E-04  -0.1906141E-02   0.1294022E-01   0.2570736E-02  -0.3065447E-03   0.4045306E+01  -0.2450506E+01   0.3221698E+01  -0.5482749E-01  -0.2362811E+01   0.1419657E+01   0.2512435E-02   0.2615998E-01  -0.2882675E-01  -0.5527726E-04  -0.3048416E-03   0.1898844E-01  -0.5084143E-02   0.9989755E-01   0.1109252E-04   0.1596032E-01  -0.1249737E-01   0.6187236E-03  -0.6187237E-03  -0.1825313E-02
   0.9335022E-06   0.1672641E-04   0.8124775E-06  -0.3641887E-05   0.5584917E-04   0.1595676E-03   0.6280289E-03   0.6499125E-04   0.3620838E-04   0.5212919E-02  -0.5396166E-01  -0.1368520E-01   0.4281731E-01   0.2353096E-01   0.2512435E-02   0.2787773E-02  -0.2512372E-02   0.1855016E-02  -0.5601933E-05   0.1359948E-04   0.3389462E-02  -0.3198270E-02   0.9748045E-02   0.1675411E-03   0.5589209E-03  -0.4072638E-02   0.7731816E-04  -0.7731815E-04  -0.1071429E-03
   0.2454841E-05  -0.4811399E-04   0.1929038E-05   0.3634717E-04  -0.6695627E-04  -0.2527077E-03  -0.5823217E-03  -0.7806441E-04  -0.2383943E-04   0.7443656E+00   0.1296325E+00   0.4448362E-01  -0.9970189E-01  -0.6457402E-01   0.2615998E-01  -0.2512372E-02   0.4857135E-02  -0.3821455E-02   0.6719411E-05  -0.8493809E-05  -0.1557322E-02  -0.4344987E-02  -0.4841942E-02  -0.2691094E-03  -0.4485250E-04   0.1830176E-01  -0.2741534E-03   0.2741533E-03   0.9409233E-04
  -0.9439954E-06   0.3701592E-04  -0.3083609E-05  -0.5321325E-04   0.4735775E-04   0.2552637E-03   0.3890728E-03   0.3210959E-04   0.2652884E-04  -0.6077778E+00  -0.4248427E-01  -0.9322235E-01   0.6572661E-01   0.1068345E+00  -0.2882675E-01   0.1855016E-02  -0.3821455E-02   0.4626598E-02   0.2955093E-06   0.1648691E-04   0.2619668E-02   0.1235028E-02   0.1887787E-02   0.2344322E-03  -0.2781260E-03  -0.1361277E-01   0.2093987E-03  -0.2093987E-03  -0.6672898E-04
  -0.1876078E-08   0.4808842E-07  -0.4055620E-08  -0.3916929E-06  -0.2895263E-06  -0.4250653E-06  -0.2544738E-05  -0.5576547E-06  -0.5063380E-06   0.2629238E-03   0.8246730E-03   0.3370036E-03  -0.4066733E-03   0.1093979E-03  -0.5527726E-04  -0.5601933E-05   0.6719411E-05   0.2955093E-06   0.1117774E-06   0.9434721E-07  -0.9496204E-05  -0.4603968E-04  -0.5038811E-04  -0.6498299E-06  -0.1839387E-05  -0.2542733E-04   0.3644330E-06  -0.3644334E-06   0.3477156E-06
  -0.1950412E-07  -0.2711059E-06  -0.2827097E-07  -0.6981581E-06   0.1194459E-06   0.1870683E-05   0.3100876E-05  -0.1319221E-05   0.7733862E-06  -0.2638883E-03   0.6919687E-03  -0.1239931E-02  -0.6802742E-03   0.1751047E-02  -0.3048416E-03   0.1359948E-04  -0.8493809E-05   0.1648691E-04   0.9434721E-07   0.1499257E-05  -0.4693305E-04  -0.1053656E-03   0.4947177E-04   0.2836165E-06   0.3548565E-05   0.7041962E-04  -0.1149705E-05   0.1149706E-05  -0.1142914E-05
   0.1305916E-04  -0.3638231E-04   0.3421426E-05   0.8736741E-04   0.7472609E-04   0.3084988E-03   0.1423556E-02   0.1409161E-03   0.2290449E-03   0.2115403E+00   0.2007804E+00  -0.1388483E+00   0.1916458E+00  -0.3929954E-01   0.1898844E-01   0.3389462E-02  -0.1557322E-02   0.2619668E-02  -0.9496204E-05  -0.4693305E-04   0.2801382E-01  -0.8563090E-02   0.2276079E-01   0.2726741E-03   0.6114523E-03   0.2622242E-01  -0.3086715E-03   0.3086713E-03  -0.2333432E-03
   0.2170051E-04   0.1178936E-03   0.6569003E-04   0.1798795E-03  -0.1293386E-02  -0.7345270E-03  -0.1912606E-01   0.4054430E-03   0.5651233E-03  -0.2942040E+01  -0.2839581E+01  -0.1573043E+01   0.4240424E+00  -0.4657492E-01  -0.5084143E-02  -0.3198270E-02  -0.4344987E-02   0.1235028E-02  -0.4603968E-04  -0.1053656E-03  -0.8563090E-02   0.6635418E+00  -0.5104404E-02  -0.1052777E-02  -0.5276734E-02  -0.1239038E-01   0.3900865E-03  -0.3900862E-03   0.3170246E-02
   0.1956301E-04  -0.1619289E-04   0.1406100E-04   0.6321782E-04   0.1788137E-03   0.4528427E-03   0.6308910E-02   0.3427429E-03   0.2459294E-03   0.5015821E+01  -0.1778502E+00  -0.4408019E-01   0.1714737E+00  -0.1179495E+00   0.9989755E-01   0.9748045E-02  -0.4841942E-02   0.1887787E-02  -0.5038811E-04   0.4947177E-04   0.2276079E-01  -0.5104404E-02   0.1229593E+00   0.2588036E-03   0.6934890E-02   0.3320136E-01  -0.3139704E-03   0.3139710E-03  -0.1100492E-02
  -0.2940938E-06   0.1064670E-05  -0.2719072E-06   0.5148984E-05   0.8447769E-05   0.2265227E-04   0.7006372E-04   0.1124353E-04   0.7063788E-05  -0.6065536E-01  -0.3854738E-02   0.6681324E-02   0.8765489E-02   0.2361923E-02   0.1109252E-04   0.1675411E-03  -0.2691094E-03   0.2344322E-03  -0.6498299E-06   0.2836165E-06   0.2726741E-03  -0.1052777E-02   0.2588036E-03   0.4113371E-04  -0.1825498E-04  -0.6551566E-03   0.7901623E-05  -0.7901630E-05  -0.1046416E-04
   0.4998556E-07   0.8588420E-05  -0.3351830E-06  -0.8637814E-05   0.4552936E-04  -0.1665172E-04   0.6983891E-03   0.2032760E-04  -0.2497854E-04   0.2521372E+00  -0.5166082E-01   0.3948670E-01  -0.3194153E-02  -0.2685236E-01   0.1596032E-01   0.5589209E-03  -0.4485250E-04  -0.2781260E-03  -0.1839387E-05   0.3548565E-05   0.6114523E-03  -0.5276734E-02   0.6934890E-02  -0.1825498E-04   0.1755685E-02  -0.2304119E-02   0.4276020E-04  -0.4276016E-04  -0.1134417E-03
   0.1166248E-03  -0.1423361E-02   0.7945595E-04   0.1221357E-02  -0.5120878E-03  -0.1276561E-02  -0.1201977E-01  -0.7411003E-03   0.2367166E-02   0.4997246E+01   0.8564128E+00  -0.8078157E+00  -0.1409016E+00  -0.6490827E-02  -0.1249737E-01  -0.4072638E-02   0.1830176E-01  -0.1361277E-01  -0.2542733E-04   0.7041962E-04   0.2622242E-01  -0.1239038E-01   0.3320136E-01  -0.6551566E-03  -0.2304119E-02   0.6306712E+00  -0.8994143E-02   0.8994143E-02   0.1826055E-02
  -0.1444007E-05   0.2101227E-04  -0.9082069E-06  -0.1825067E-04   0.6274605E-05   0.1754252E-04   0.1758929E-03   0.1201309E-04  -0.3462560E-04  -0.6765241E-01  -0.1403056E-01   0.1194975E-01   0.1701528E-02  -0.1016281E-02   0.6187236E-03   0.7731816E-04  -0.2741534E-03   0.2093987E-03   0.3644330E-06  -0.1149705E-05  -0.3086715E-03   0.3900865E-03  -0.3139704E-03   0.7901623E-05   0.4276020E-04  -0.8994143E-02   0.1305338E-03  -0.1305338E-03  -0.2709330E-04
   0.1444007E-05  -0.2101226E-04   0.9082064E-06   0.1825067E-04  -0.6274611E-05  -0.1754252E-04  -0.1758927E-03  -0.1201308E-04   0.3462558E-04   0.6765240E-01   0.1403056E-01  -0.1194976E-01  -0.1701528E-02   0.1016283E-02  -0.6187237E-03  -0.7731815E-04   0.2741533E-03  -0.2093987E-03  -0.3644334E-06   0.1149706E-05   0.3086713E-03  -0.3900862E-03   0.3139710E-03  -0.7901630E-05  -0.4276016E-04   0.8994143E-02  -0.1305338E-03   0.1305338E-03   0.2709333E-04
   0.4435966E-06  -0.4679692E-05   0.9097956E-06   0.5077097E-05  -0.1771392E-04  -0.3076920E-04  -0.4750970E-03  -0.4039442E-05   0.1503430E-04  -0.5532376E-01  -0.9041729E-02  -0.1406682E-01  -0.4231760E-03   0.1836252E-02  -0.1825313E-02  -0.1071429E-03   0.9409233E-04  -0.6672898E-04   0.3477156E-06  -0.1142914E-05  -0.2333432E-03   0.3170246E-02  -0.1100492E-02  -0.1046416E-04  -0.1134417E-03   0.1826055E-02  -0.2709330E-04   0.2709333E-04   0.8219032E-04
