 ombh2 omch2 theta de_Q de_n_tracking de_dUdphi alpha_JLA beta_JLA H0 omegam omegal epss
   0.4301733E-07  -0.4477826E-07   0.1222574E-07   0.3793792E-05   0.5146597E-05   0.1009526E-04   0.3117415E-07   0.6897135E-06   0.6354404E-04  -0.5954763E-06   0.5954774E-06  -0.2807355E-05
  -0.4477826E-07   0.1830758E-05  -0.1098328E-06   0.1201881E-04   0.8043766E-06   0.1869543E-03  -0.3177032E-06   0.2954322E-06  -0.4575111E-03   0.6799528E-05  -0.6799529E-05  -0.3547758E-04
   0.1222574E-07  -0.1098328E-06   0.2459597E-06  -0.1259121E-04  -0.3863913E-06  -0.4564456E-04  -0.4400380E-07  -0.4646433E-06   0.6894860E-04  -0.7602573E-06   0.7602590E-06   0.8052922E-05
   0.3793792E-05   0.1201881E-04  -0.1259121E-04   0.1956479E-01   0.2570936E-02   0.1690803E-02  -0.1492699E-04   0.2578783E-03   0.3593438E-02   0.2891385E-03  -0.2891394E-03  -0.2432617E-02
   0.5146597E-05   0.8043766E-06  -0.3863913E-06   0.2570936E-02   0.2383383E-01  -0.1241810E-01  -0.6595159E-06   0.2581573E-03  -0.4869953E-02   0.1904472E-03  -0.1904474E-03   0.1249275E-02
   0.1009526E-04   0.1869543E-03  -0.4564456E-04   0.1690803E-02  -0.1241810E-01   0.1517096E+00   0.3139220E-04   0.9553308E-03   0.8481611E-01  -0.1437209E-02   0.1437213E-02  -0.2550370E-01
   0.3117415E-07  -0.3177032E-06  -0.4400380E-07  -0.1492699E-04  -0.6595159E-06   0.3139220E-04   0.4059566E-04  -0.2254053E-04   0.2336337E-03  -0.3669555E-05   0.3669552E-05  -0.2309635E-04
   0.6897135E-06   0.2954322E-06  -0.4646433E-06   0.2578783E-03   0.2581573E-03   0.9553308E-03  -0.2254053E-04   0.6515342E-02   0.1865669E-02  -0.2043713E-04   0.2043699E-04  -0.3026309E-03
   0.6354404E-04  -0.4575111E-03   0.6894860E-04   0.3593438E-02  -0.4869953E-02   0.8481611E-01   0.2336337E-03   0.1865669E-02   0.4083678E+00  -0.5403733E-02   0.5403728E-02  -0.2838179E-01
  -0.5954763E-06   0.6799528E-05  -0.7602573E-06   0.2891385E-03   0.1904472E-03  -0.1437209E-02  -0.3669555E-05  -0.2043713E-04  -0.5403733E-02   0.8368278E-04  -0.8368294E-04   0.3564784E-03
   0.5954774E-06  -0.6799529E-05   0.7602590E-06  -0.2891394E-03  -0.1904474E-03   0.1437213E-02   0.3669552E-05   0.2043699E-04   0.5403728E-02  -0.8368294E-04   0.8368283E-04  -0.3564782E-03
  -0.2807355E-05  -0.3547758E-04   0.8052922E-05  -0.2432617E-02   0.1249275E-02  -0.2550370E-01  -0.2309635E-04  -0.3026309E-03  -0.2838179E-01   0.3564784E-03  -0.3564782E-03   0.7607976E-02
