 ombh2 omch2 theta tau de_Q logA ns A_ps_100 A_ps_143 A_ps_217 A_cib_143 A_cib_217 A_sz r_ps r_cib n_Dl_cib cal_100 cal_217 xi_sz_cib A_ksz Bm_1_1 alpha_JLA beta_JLA H0 omegam omegal epss
   0.3651544E-07  -0.1697462E-06   0.3384143E-07   0.1504877E-07   0.1580116E-05  -0.1266789E-06   0.4539306E-06  -0.7321422E-03  -0.2490607E-03  -0.1978118E-03  -0.4101422E-04  -0.7748725E-04  -0.1694024E-04   0.1972307E-05  -0.4819046E-05   0.3602750E-05   0.5134361E-08   0.1980602E-07   0.6318274E-05   0.2683259E-04   0.1740376E-04  -0.8020233E-07  -0.3648982E-06   0.9636093E-04  -0.1108867E-05   0.1108867E-05   0.1854349E-07
  -0.1697462E-06   0.3874276E-05  -0.2817305E-06   0.4411226E-06   0.4516683E-05   0.8905196E-05  -0.7472847E-05   0.5990967E-02  -0.5011110E-03  -0.1689378E-02  -0.5039790E-03   0.1371995E-02   0.4960266E-04  -0.4999446E-05  -0.9290021E-05   0.8637756E-05  -0.8241686E-08  -0.1083932E-06  -0.1548218E-03  -0.4673261E-03  -0.8821547E-04   0.7459781E-06  -0.2080160E-04  -0.1547789E-02   0.2144640E-04  -0.2144642E-04  -0.6260644E-07
   0.3384143E-07  -0.2817305E-06   0.2451503E-06  -0.6607403E-06   0.5471687E-05  -0.1433573E-05   0.6896396E-06   0.2953151E-02  -0.6448070E-06  -0.3777257E-03   0.1452388E-03   0.3794156E-03   0.8298641E-04   0.2480621E-05  -0.5432166E-05   0.6402765E-05  -0.2808339E-08   0.4318009E-07  -0.9616612E-05  -0.2147122E-03   0.4646189E-04   0.4629451E-07  -0.3794686E-05   0.1970022E-03  -0.2171999E-05   0.2171999E-05   0.5866980E-07
   0.1504877E-07   0.4411226E-06  -0.6607403E-06   0.6804671E-04  -0.2423789E-04   0.1324034E-03  -0.5146378E-05  -0.5355631E-02  -0.2874591E-01  -0.9223852E-02   0.6817840E-02   0.1899212E-02   0.1522164E-02  -0.4501310E-04   0.4590208E-04  -0.3162920E-04   0.1494422E-07  -0.7949038E-06  -0.1806773E-04   0.2346869E-02  -0.4040938E-03  -0.3246918E-05  -0.4890151E-04  -0.3626994E-03   0.3468944E-05  -0.3468929E-05  -0.4173018E-06
   0.1580116E-05   0.4516683E-05   0.5471687E-05  -0.2423789E-04   0.6449929E-03  -0.1048343E-04   0.7488763E-05  -0.7115369E-01   0.2756922E-01   0.6979348E-01  -0.3382363E-01  -0.3776774E-01  -0.9779603E-04   0.3790712E-04  -0.4549710E-03   0.1611238E-04   0.1131155E-05   0.5453607E-05  -0.6234542E-03  -0.2041273E-02   0.2366917E-02  -0.6471496E-05   0.1911881E-04   0.1133756E-02   0.1162972E-04  -0.1162971E-04   0.3631912E-05
  -0.1266789E-06   0.8905196E-05  -0.1433573E-05   0.1324034E-03  -0.1048343E-04   0.2792930E-03  -0.2610600E-04   0.9176192E-02  -0.5953416E-01  -0.1859758E-01   0.1166383E-01   0.4797653E-02   0.2670909E-02  -0.7562310E-04  -0.4084078E-04  -0.2300073E-04   0.7388483E-07  -0.1315095E-05  -0.4096208E-03   0.3009531E-02  -0.5958981E-03  -0.4014355E-05  -0.1568490E-03  -0.3661074E-02   0.4980746E-04  -0.4980746E-04  -0.8105284E-06
   0.4539306E-06  -0.7472847E-05   0.6896396E-06  -0.5146378E-05   0.7488763E-05  -0.2610600E-04   0.3120754E-04  -0.8693786E-01  -0.4011282E-02  -0.2722070E-02  -0.4352137E-02  -0.4098284E-02  -0.2087146E-03  -0.2043835E-04   0.9131760E-04   0.4638141E-05  -0.1173475E-06   0.1918759E-05   0.3389250E-03   0.5044087E-04   0.3364041E-03  -0.5564601E-05   0.3481287E-04   0.3125540E-02  -0.4212945E-04   0.4212942E-04   0.4600585E-06
  -0.7321422E-03   0.5990967E-02   0.2953151E-02  -0.5355631E-02  -0.7115369E-01   0.9176192E-02  -0.8693786E-01   0.3370974E+04  -0.2488785E+02  -0.6917235E+02   0.9862553E+02   0.4922333E+02  -0.5091942E+02  -0.3518492E+00  -0.3085416E+01   0.5017278E-02   0.3531475E-02  -0.9275246E-02  -0.1089860E+01   0.9473916E+01   0.1649422E+02   0.1860531E-01  -0.1403741E+00  -0.2000965E+01   0.2998795E-01  -0.2998795E-01  -0.4047129E-02
  -0.2490607E-03  -0.5011110E-03  -0.6448070E-06  -0.2874591E-01   0.2756922E-01  -0.5953416E-01  -0.4011282E-02  -0.2488785E+02   0.1347469E+03   0.7326538E+02  -0.2595668E+02  -0.2602656E+02  -0.7756609E+01  -0.3212026E-01   0.3970049E-01  -0.2665760E+00  -0.5034578E-04  -0.6894359E-03   0.9923550E+00  -0.4784235E+01  -0.1301263E+01  -0.7646959E-03   0.2623247E-01  -0.4070267E-01  -0.1081788E-02   0.1081791E-02   0.5930348E-03
  -0.1978118E-03  -0.1689378E-02  -0.3777257E-03  -0.9223852E-02   0.6979348E-01  -0.1859758E-01  -0.2722070E-02  -0.6917235E+02   0.7326538E+02   0.3121335E+03  -0.2727015E+02  -0.1359162E+03   0.2640709E+01  -0.6611308E-01  -0.6440459E+00  -0.1280863E+01   0.5622123E-03  -0.2242930E-02   0.1722684E+01  -0.2757156E+01   0.5327537E+00   0.8017094E-03   0.2122824E+00   0.2180682E+00  -0.5674629E-02   0.5674624E-02   0.1184468E-02
  -0.4101422E-04  -0.5039790E-03   0.1452388E-03   0.6817840E-02  -0.3382363E-01   0.1166383E-01  -0.4352137E-02   0.9862553E+02  -0.2595668E+02  -0.2727015E+02   0.2386156E+02   0.1451326E+02  -0.2937789E+00  -0.2934363E-01  -0.8128599E-01   0.1666844E-01  -0.3881237E-04  -0.3019419E-03   0.1804458E+00  -0.8819424E+00   0.1814581E+00   0.3672436E-02   0.3676671E-01   0.2076171E+00  -0.3251132E-02   0.3251130E-02  -0.3827085E-03
  -0.7748725E-04   0.1371995E-02   0.3794156E-03   0.1899212E-02  -0.3776774E-01   0.4797653E-02  -0.4098284E-02   0.4922333E+02  -0.2602656E+02  -0.1359162E+03   0.1451326E+02   0.6994497E+02   0.2683083E+00   0.5048785E-01   0.3014358E+00   0.6956022E+00  -0.3157264E-03   0.1051379E-02  -0.9830333E+00  -0.2184935E+01  -0.3603192E+00   0.8395314E-03  -0.1069830E+00  -0.3616837E+00   0.5949997E-02  -0.5949999E-02  -0.5644772E-03
  -0.1694024E-04   0.4960266E-04   0.8298641E-04   0.1522164E-02  -0.9779603E-04   0.2670909E-02  -0.2087146E-03  -0.5091942E+02  -0.7756609E+01   0.2640709E+01  -0.2937789E+00   0.2683083E+00   0.6206483E+01   0.4352244E-01   0.1861549E+00   0.1640931E-01   0.6686205E-04  -0.3234004E-03   0.5606743E-02  -0.8812347E+00   0.1313418E+00  -0.8738622E-04   0.8037609E-02   0.1179746E-01  -0.8953440E-04   0.8953363E-04  -0.1657682E-04
   0.1972307E-05  -0.4999446E-05   0.2480621E-05  -0.4501310E-04   0.3790712E-04  -0.7562310E-04  -0.2043835E-04  -0.3518492E+00  -0.3212026E-01  -0.6611308E-01  -0.2934363E-01   0.5048785E-01   0.4352244E-01   0.5587819E-02  -0.2627831E-02   0.2930487E-02   0.1198108E-05  -0.7930656E-05   0.3794070E-02   0.1314363E-01   0.3795632E-02   0.2008688E-04  -0.4235997E-03   0.4509857E-02  -0.4685815E-04   0.4685812E-04  -0.1015019E-08
  -0.4819046E-05  -0.9290021E-05  -0.5432166E-05   0.4590208E-04  -0.4549710E-03  -0.4084078E-04   0.9131760E-04  -0.3085416E+01   0.3970049E-01  -0.6440459E+00  -0.8128599E-01   0.3014358E+00   0.1861549E+00  -0.2627831E-02   0.2289990E-01  -0.1993665E-02  -0.2266403E-05   0.5968175E-05   0.4820823E-02  -0.4430462E-01  -0.1679696E-01  -0.4098649E-04   0.3869933E-03  -0.1526832E-02  -0.2631579E-04   0.2631582E-04   0.2331472E-05
   0.3602750E-05   0.8637756E-05   0.6402765E-05  -0.3162920E-04   0.1611238E-04  -0.2300073E-04   0.4638141E-05   0.5017278E-02  -0.2665760E+00  -0.1280863E+01   0.1666844E-01   0.6956022E+00   0.1640931E-01   0.2930487E-02  -0.1993665E-02   0.1395275E-01  -0.1274017E-05   0.4874211E-05  -0.1178333E-01   0.2531899E-01   0.4099626E-02  -0.3379612E-04  -0.1903718E-02   0.2503631E-02   0.9537850E-05  -0.9537953E-05  -0.5644828E-05
   0.5134361E-08  -0.8241686E-08  -0.2808339E-08   0.1494422E-07   0.1131155E-05   0.7388483E-07  -0.1173475E-06   0.3531475E-02  -0.5034578E-04   0.5622123E-03  -0.3881237E-04  -0.3157264E-03   0.6686205E-04   0.1198108E-05  -0.2266403E-05  -0.1274017E-05   0.1631326E-06  -0.3748886E-07   0.7366515E-05   0.5590572E-04   0.1030137E-04   0.9993920E-07   0.1848988E-05   0.5634619E-05  -0.5755432E-07   0.5755454E-07  -0.6933794E-08
   0.1980602E-07  -0.1083932E-06   0.4318009E-07  -0.7949038E-06   0.5453607E-05  -0.1315095E-05   0.1918759E-05  -0.9275246E-02  -0.6894359E-03  -0.2242930E-02  -0.3019419E-03   0.1051379E-02  -0.3234004E-03  -0.7930656E-05   0.5968175E-05   0.4874211E-05  -0.3748886E-07   0.1754189E-05  -0.3015979E-04  -0.2940229E-03   0.5650016E-04   0.9318213E-07   0.9710147E-06   0.6597971E-04  -0.6879031E-06   0.6879034E-06   0.4475792E-07
   0.6318274E-05  -0.1548218E-03  -0.9616612E-05  -0.1806773E-04  -0.6234542E-03  -0.4096208E-03   0.3389250E-03  -0.1089860E+01   0.9923550E+00   0.1722684E+01   0.1804458E+00  -0.9830333E+00   0.5606743E-02   0.3794070E-02   0.4820823E-02  -0.1178333E-01   0.7366515E-05  -0.3015979E-04   0.8339427E-01   0.8291600E-01  -0.1956028E-02   0.9160789E-04   0.4063049E-02   0.5589950E-01  -0.8262947E-03   0.8262948E-03   0.8130852E-05
   0.2683259E-04  -0.4673261E-03  -0.2147122E-03   0.2346869E-02  -0.2041273E-02   0.3009531E-02   0.5044087E-04   0.9473916E+01  -0.4784235E+01  -0.2757156E+01  -0.8819424E+00  -0.2184935E+01  -0.8812347E+00   0.1314363E-01  -0.4430462E-01   0.2531899E-01   0.5590572E-04  -0.2940229E-03   0.8291600E-01   0.4285276E+01   0.1298485E+00  -0.2195918E-03   0.1234437E-02   0.1141646E+00  -0.2051311E-02   0.2051310E-02  -0.1355318E-03
   0.1740376E-04  -0.8821547E-04   0.4646189E-04  -0.4040938E-03   0.2366917E-02  -0.5958981E-03   0.3364041E-03   0.1649422E+02  -0.1301263E+01   0.5327537E+00   0.1814581E+00  -0.3603192E+00   0.1313418E+00   0.3795632E-02  -0.1679696E-01   0.4099626E-02   0.1030137E-04   0.5650016E-04  -0.1956028E-02   0.1298485E+00   0.2717330E+00  -0.1161075E-03   0.3818650E-03   0.5745421E-01  -0.6194169E-03   0.6194168E-03  -0.5516258E-05
  -0.8020233E-07   0.7459781E-06   0.4629451E-07  -0.3246918E-05  -0.6471496E-05  -0.4014355E-05  -0.5564601E-05   0.1860531E-01  -0.7646959E-03   0.8017094E-03   0.3672436E-02   0.8395314E-03  -0.8738622E-04   0.2008688E-04  -0.4098649E-04  -0.3379612E-04   0.9993920E-07   0.9318213E-07   0.9160789E-04  -0.2195918E-03  -0.1161075E-03   0.4184248E-04  -0.7225508E-05  -0.2610118E-03   0.3543642E-05  -0.3543638E-05  -0.2758661E-06
  -0.3648982E-06  -0.2080160E-04  -0.3794686E-05  -0.4890151E-04   0.1911881E-04  -0.1568490E-03   0.3481287E-04  -0.1403741E+00   0.2623247E-01   0.2122824E+00   0.3676671E-01  -0.1069830E+00   0.8037609E-02  -0.4235997E-03   0.3869933E-03  -0.1903718E-02   0.1848988E-05   0.9710147E-06   0.4063049E-02   0.1234437E-02   0.3818650E-03  -0.7225508E-05   0.6502084E-02   0.5851529E-02  -0.9824926E-04   0.9824933E-04  -0.1893966E-05
   0.9636093E-04  -0.1547789E-02   0.1970022E-03  -0.3626994E-03   0.1133756E-02  -0.3661074E-02   0.3125540E-02  -0.2000965E+01  -0.4070267E-01   0.2180682E+00   0.2076171E+00  -0.3616837E+00   0.1179746E-01   0.4509857E-02  -0.1526832E-02   0.2503631E-02   0.5634619E-05   0.6597971E-04   0.5589950E-01   0.1141646E+00   0.5745421E-01  -0.2610118E-03   0.5851529E-02   0.7387304E+00  -0.9863677E-02   0.9863677E-02   0.4627979E-04
  -0.1108867E-05   0.2144640E-04  -0.2171999E-05   0.3468944E-05   0.1162972E-04   0.4980746E-04  -0.4212945E-04   0.2998795E-01  -0.1081788E-02  -0.5674629E-02  -0.3251132E-02   0.5949997E-02  -0.8953440E-04  -0.4685815E-04  -0.2631579E-04   0.9537850E-05  -0.5755432E-07  -0.6879031E-06  -0.8262947E-03  -0.2051311E-02  -0.6194169E-03   0.3543642E-05  -0.9824926E-04  -0.9863677E-02   0.1344858E-03  -0.1344858E-03  -0.3925372E-06
   0.1108867E-05  -0.2144642E-04   0.2171999E-05  -0.3468929E-05  -0.1162971E-04  -0.4980746E-04   0.4212942E-04  -0.2998795E-01   0.1081791E-02   0.5674624E-02   0.3251130E-02  -0.5949999E-02   0.8953363E-04   0.4685812E-04   0.2631582E-04  -0.9537953E-05   0.5755454E-07   0.6879034E-06   0.8262948E-03   0.2051310E-02   0.6194168E-03  -0.3543638E-05   0.9824933E-04   0.9863677E-02  -0.1344858E-03   0.1344857E-03   0.3925380E-06
   0.1854349E-07  -0.6260644E-07   0.5866980E-07  -0.4173018E-06   0.3631912E-05  -0.8105284E-06   0.4600585E-06  -0.4047129E-02   0.5930348E-03   0.1184468E-02  -0.3827085E-03  -0.5644772E-03  -0.1657682E-04  -0.1015019E-08   0.2331472E-05  -0.5644828E-05  -0.6933794E-08   0.4475792E-07   0.8130852E-05  -0.1355318E-03  -0.5516258E-05  -0.2758661E-06  -0.1893966E-05   0.4627979E-04  -0.3925372E-06   0.3925380E-06   0.1346257E-05
