param[ombh2] = 0.022068
param[omch2] = 0.12029
param[tau] = 0.0925
param[theta] = 1.04122
param[logA] = 3.098
param[ns] = 0.9624
param[A_ps_100] = 153 0 360 27 27
param[A_ps_143] = 54.9 0 270 4.5 4.5
param[A_ps_217] = 55.8 0 450 7.2 7.2
param[A_cib_143] = 4 0 20 3 3
param[A_cib_217] = 55.5 0 80 3 3
param[A_sz] = 4 0 10 1 1
param[r_ps] = 0.91 0.0 1.0 0.04 0.04
param[r_cib] = 0.63 0.0 1.0 0.05 0.05
param[n_Dl_cib] = 0.6 -2 2 0.05 0.05
param[cal_100] = 1 0.98 1.02  0.0004 0.0004
param[cal_217] = 1 0.95 1.05 0.001 0.001
param[xi_sz_cib] = 0.1 0 1 .2 .2
param[A_ksz] = 1 0 10 .7 0.7
param[Bm_1_1] = 0.3 -20 20 0.3 0.3
param[alpha_JLA] =  0.14 0.01 2. 0.005 0.005
param[beta_JLA] = 3.1 0.9 4.6 0.05 0.05

chain_name = chains/std6
paramnames = paramnames/std6.paramnames    
propose_matrix = 